0.220975609756
0.242682926829
0.229880952381
0.205113636364
0.202272727273
0.1875
0.193209876543
0.209277108434
0.2065625
0.185
0.197032967033
0.163626373626
0.170652173913
0.19630952381
0.1725
0.157641509434
0.165701754386
0.090206185567
0.1389
0.139886363636
0.163829787234
0.149894736842
0.145934065934
0.155638297872
0.155203252033
0.174639175258
0.184128440367
0.161730769231
0.131583333333
0.140412371134
0.108556701031
0.124851485149
0.154947368421
0.151530612245
0.192105263158
0.107011494253
0.32012195122
