0.698205128205
0.736913580247
0.739518072289
0.72746835443
0.719518072289
0.742688172043
0.744468085106
0.746413043478
0.719425287356
0.733734939759
0.72417721519
0.729036144578
0.735346534653
0.749166666667
0.747555555556
0.751627906977
0.7365625
0.761162790698
0.767572815534
0.789418604651
0.717444444444
0.779183673469
0.7509375
0.752142857143
0.765875
0.744835164835
0.741444444444
0.749772727273
0.746091954023
0.733163265306
0.757789473684
0.71843373494
0.749361702128
0.748555555556
0.753666666667
0.746428571429
0.712346938776
0.713804347826
0.748210526316
