0.251538461538
0.183580246914
0.250963855422
0.222405063291
0.231325301205
0.216666666667
0.212659574468
0.204891304348
0.163448275862
0.169759036145
0.170759493671
0.150240963855
0.13495049505
0.110357142857
0.107333333333
0.109418604651
0.0847916666667
0.126395348837
0.14640776699
0.148604651163
0.182
0.132142857143
0.102708333333
0.0308333333333
0.029375
0.032967032967
0.0336666666667
0.0104545454545
0.0493103448276
0.0479591836735
0.0744210526316
0.101807228916
0.101595744681
0.111333333333
0.0963333333333
0.123452380952
0.106836734694
0.0890217391304
0.0911578947368
