0.4125
0.457717391304
0.398953488372
0.397261904762
0.392079207921
0.391707317073
0.379782608696
0.404835164835
0.49487804878
0.479183673469
0.463456790123
0.416767676768
0.459069767442
0.443863636364
0.4708
0.462988505747
0.458953488372
0.460238095238
0.460112359551
0.498181818182
0.544130434783
0.507093023256
0.507662337662
0.127887323944
0.155505617978
0.152911392405
0.149012345679
0.171558441558
0.2
0.201
0.176463414634
0.206707317073
0.1585
0.156710526316
0.168409090909
0.137368421053
0.39367816092
