0.124204545455
0.101382978723
0.0833333333333
0.0981318681319
-0.0181176470588
0.0473033707865
0.12847826087
0.166075949367
0.163953488372
0.151443298969
0.1708
0.182409638554
0.192417582418
0.179677419355
0.121630434783
0.158765432099
0.154361702128
0.145824175824
0.171333333333
0.154065934066
0.167826086957
0.177878787879
0.172340425532
0.145326086957
0.127659574468
0.113225806452
0.105568181818
0.125581395349
0.123265306122
0.110659340659
0.10325
0.0878640776699
0.0798901098901
0.13024691358
0.126976744186
0.124019607843
