0.985609756098
0.965487804878
0.965
0.976931818182
0.977613636364
0.976847826087
0.977654320988
0.97265060241
0.969791666667
0.969
0.963516483516
0.971648351648
0.967934782609
0.970238095238
0.9847
0.980849056604
0.966666666667
0.975567010309
0.9705
0.999318181818
0.981063829787
0.993157894737
0.986813186813
0.986063829787
0.98593495935
0.982680412371
0.977247706422
0.986730769231
0.9885
0.993195876289
0.986597938144
0.984455445545
0.972736842105
0.980918367347
0.973859649123
0.947126436782
0.943780487805
