0.19256097561
0.254634146341
0.272738095238
0.249772727273
0.250113636364
0.265869565217
0.259382716049
0.261807228916
0.285
0.3025
0.309120879121
0.311428571429
0.31347826087
0.295119047619
0.2511
0.281226415094
0.323421052632
0.332268041237
0.3271
0.208068181818
0.269042553191
0.229052631579
0.259450549451
0.258510638298
0.257967479675
0.254226804124
0.266605504587
0.249326923077
0.263333333333
0.239484536082
0.293298969072
0.288613861386
0.314631578947
0.281224489796
0.276578947368
0.39367816092
0.0589024390244
