0.139204545455
0.121489361702
0.154583333333
0.19043956044
0.170235294118
0.167415730337
-0.0104347826087
0.0106329113924
0.0172093023256
0.0198969072165
-0.0293333333333
-0.0627710843373
-0.0679120879121
-0.1
-0.0861956521739
-0.101481481481
-0.0797872340426
-0.108131868132
-0.0496666666667
-0.0945054945055
-0.0620652173913
-0.0811111111111
-0.0731914893617
-0.0991304347826
-0.0975531914894
-0.105483870968
-0.110909090909
-0.108488372093
-0.122244897959
-0.108241758242
-0.11175
-0.124368932039
-0.148901098901
-0.143086419753
-0.135581395349
-0.132058823529
