0.920108695652
0.91347826087
0.929534883721
0.936547619048
0.934257425743
0.934268292683
0.928260869565
0.918461538462
0.881707317073
0.895408163265
0.901234567901
0.913131313131
0.897441860465
0.912727272727
0.883333333333
0.902643678161
0.899302325581
0.902380952381
0.900337078652
0.88375
0.835543478261
0.867790697674
0.865974025974
0.902535211268
0.905056179775
0.905189873418
0.915308641975
0.905064935065
0.9235
0.9235
0.922073170732
0.932317073171
0.92925
0.941184210526
0.942954545455
0.926947368421
0.947126436782
