0.689230769231
0.66962962963
0.652289156627
0.669493670886
0.675060240964
0.655591397849
0.65670212766
0.656195652174
0.692643678161
0.674939759036
0.684810126582
0.683012048193
0.67900990099
0.669523809524
0.670444444444
0.666511627907
0.685208333333
0.654651162791
0.643106796117
0.617093023256
0.691777777778
0.633571428571
0.666875
0.671428571429
0.655625
0.679120879121
0.681111111111
0.670340909091
0.672643678161
0.691020408163
0.658736842105
0.696506024096
0.669680851064
0.669222222222
0.664222222222
0.670476190476
0.703265306122
0.706304347826
0.669684210526
