0.750131578947
0.774155844156
0.80012195122
0.732261904762
0.751975308642
0.759333333333
0.742471910112
0.733125
0.725679012346
0.785
0.778289473684
0.775454545455
0.788265306122
0.809540229885
0.778369565217
0.760729166667
0.796136363636
0.715609756098
0.734157303371
0.735806451613
0.766091954023
0.77367816092
0.789166666667
0.788876404494
0.824186046512
0.815319148936
0.802727272727
0.784255319149
0.797127659574
0.8103
0.810449438202
0.796818181818
0.845212765957
0.817727272727
0.440352112676
