0.156086956522
0.0769565217391
0.15523255814
0.0854761904762
0.125346534653
0.123780487805
0.177826086957
0.180549450549
0.10512195122
0.125204081633
0.142962962963
0.178484848485
0.161279069767
0.122045454545
0.184666666667
0.137586206897
0.158720930233
0.154047619048
0.148426966292
0.146704545455
0.18097826087
0.170465116279
0.182207792208
0.440352112676
0.418314606742
0.423164556962
0.403703703704
0.417532467532
0.370125
0.372625
0.383536585366
0.348414634146
0.37025
0.343157894737
0.33375
0.382526315789
0.107011494253
