0.574605263158
0.550519480519
0.489756097561
0.578095238095
0.563456790123
0.546
0.540674157303
0.597375
0.604320987654
0.528255813953
0.542631578947
0.536818181818
0.528775510204
0.481149425287
0.548913043478
0.545416666667
0.498522727273
0.648170731707
0.620786516854
0.614516129032
0.563793103448
0.565747126437
0.519880952381
0.504719101124
0.482674418605
0.474574468085
0.493131313131
0.532659574468
0.512978723404
0.4892
0.479325842697
0.480681818182
0.436276595745
0.483068181818
0.127887323944
