1.88528300975
1.88434971308
1.92476678324
1.87951487962
1.86997154728
1.93417759987
2.03785537213
1.89274800551
1.89396231359
1.85413523874
1.84985165736
1.86205283082
1.85443165378
1.82566987788
1.83262579308
1.82768180788
1.8501516787
1.84924690787
1.86624958359
1.85705529765
1.89402951516
1.94454177121
2.02746808768
1.98058558493
1.8913515117
1.8895631374
1.88533169845
1.8873838432
1.8955842617
1.87684052804
1.8684372558
1.86670257641
1.91200030062
1.89227858932
1.88862212904
1.89420044938
1.88040435393
1.8701182134
1.86668045528
1.87155074821
1.87989919881
1.86597582018
1.86237337027
1.86240545688
1.87345861469
1.89258030414
1.85756754276
1.86412366144
1.86748057161
1.87797782035
1.89235629357
1.89767949542
1.89358713086
1.88865029958
1.87562695681
1.89000448556
1.88344384452
1.87966802036
1.87624254405
1.8715206956
1.87977905384
1.90718190172
1.87878593364
1.87433971964
1.87757645932
1.87491732681
1.87515165884
1.86495621564
1.86794909788
1.87188619822
1.84252113008
1.87509215545
1.85922438452
1.90476069332
1.89675174373
1.89773565547
1.89853968289
1.88212013626
1.87861375301
1.87261687935
1.87793544907
1.87127952624
1.857756938
1.83088732009
1.81843270119
1.86417337249
1.81940316108
1.85123946729
1.85927033122
1.8189600834
1.83519943706
1.85303011564
1.84920429743
1.83087687328
1.8274104102
1.83883257836
1.84218690223
1.83166687545
1.83069203144
0.347101568185
0.359659928092
0.159659928092
0.147657190458
0.139705109868
0.140047222001
0.154864789524
0.157530280997
0.177315464378
0.153916265573
0.159478756193
0.147619516446
0.144558328047
0.153137099592
0.149957168255
0.17751695517
0.177878336049
0.169748476203
0.163282631669
0.189522848136
0.185555498345
0.17902051417
0.188851438659
0.181565673187
0.177352428863
0.167772424199
0.169962039931
0.17201377297
0.173290003445
0.162076188236
0.161314840887
0.155405573094
0.173601694971
0.171536320681
0.171326824588
0.173246918541
0.173069381372
0.15137867357
0.170685119036
0.166065336262
0.162318019898
0.156465549129
0.181351669215
0.158818039683
0.173216037787
0.169106996347
0.166431077866
0.16754450057
0.160902498623
0.15559368536
0.149719665499
0.155874378892
0.145303617786
0.160569932004
0.162028937616
0.166738849277
0.173129195544
0.169155879986
0.164671586103
0.151246584899
0.170470316504
0.164152787771
0.169836838169
0.17583267102
0.18525699496
0.184075880686
0.180088530732
0.159835397058
0.162502360277
0.170323151349
0.172179634178
0.166627800035
0.176774910745
0.171442133477
0.168655763213
0.208251562239
0.198698848142
0.193063304458
0.202453749177
0.184396599505
0.18758310796
0.182539202514
0.176583281608
0.181322354747
0.20615942789
0.179330025807
0.19091981242
0.187166667405
0.179035298502
0.205856020939
0.21037961396
0.215389126701
0.202748593268
0.203398584741
0.196004574707
0.201857640722
0.223788700846
0.213470107275
0.195630320727
0.196177180127
0.205513843151
1.69866291415
1.94866291415
1.64406721481
1.62418209581
1.60650815153
1.60781725333
1.59774218033
1.59086270609
1.58096482093
1.58083946668
1.579426586
1.57619073112
1.57790160905
1.58440681158
1.58002899719
1.57709538437
1.57217372238
1.57137964006
1.5712761238
1.57061350224
1.57002236271
1.57063235323
1.56566715859
1.56649647305
1.56524558848
1.56694759906
1.56713291093
1.56330575072
1.57231853092
1.56743626056
1.57012620717
1.55982639162
1.5679180311
1.57074573574
1.5518637785
1.55711738967
1.55596940749
1.55631912685
1.55565974801
1.55420021859
1.5512599642
1.54509822596
1.55218515655
1.55813809507
1.55176490686
1.55542217887
1.56406513895
1.55814419319
1.55630646451
1.54636534502
1.56000750739
1.55960631475
1.55793639664
1.55912989643
1.56039802795
1.56067931831
1.55468032699
1.55004693435
1.55239258979
1.5521762953
1.55116499939
1.55000889843
1.54176990336
1.54899140885
1.55048170229
1.54625901147
1.55176678625
1.55091188137
1.54894492697
1.55090118528
1.55146328614
1.55642614411
1.55115260138
1.55415184987
1.55414527571
1.55291121344
1.55533318923
1.55118506026
1.55023713793
1.55435550646
1.55327623409
1.5550429594
1.55447929335
1.55561969928
1.55324760749
1.54801548927
1.5389901985
1.53310950129
1.53297612578
1.5287557703
1.5305970974
1.5296440294
1.52638766664
1.52393277399
1.52402514377
1.52202126046
1.51902459274
1.5149657888
1.51935991307
1.52107733738
1.51708360593
1.51297131651
1.40252357075
1.55252357075
1.52872655701
1.52684951609
1.50878362461
1.4988620826
1.49740465598
1.50302944857
1.50229385328
1.48830008919
1.47815901472
1.49690187078
1.46534562799
1.46540866766
1.46282142144
1.46363341962
1.46292579914
1.46039497728
1.46508106046
1.45258456959
1.45366273156
1.45217121311
1.44978488073
1.45200777299
1.45044244421
1.45132702907
1.45541361272
1.44669593349
1.44832874522
1.44842191263
1.44847601181
1.45975574428
1.45257528019
1.45004223499
1.45148982015
1.45130792312
1.44369237777
1.45024021516
1.43860774183
1.43413773529
1.4372385323
1.43810673674
1.42638499754
1.42490184713
1.42701612982
1.42660995173
1.42307364817
1.42498778621
1.44054633314
1.43474588498
1.43023716818
1.42396603118
1.42610304244
1.42183216804
1.42225617133
1.41833238119
1.42016614216
1.41625372839
1.4162403654
1.41889041039
1.41274954593
1.4094555259
1.41091727991
1.40850442058
1.43223205424
1.41889565223
1.41177993024
1.41407386088
1.41068864505
1.41208710548
1.41309444406
1.40903009987
1.40915809027
1.40948113882
1.40754896236
1.40835617687
1.40916776367
1.40938004342
1.41272202479
1.40392643902
1.40498133663
1.44443671858
1.42387551096
1.42427563732
1.42479652178
1.42544414
1.43116445077
1.41689061913
1.4219609315
1.40932586124
1.40840454257
1.39512391204
1.4061687151
1.40861536076
1.40386383525
1.40807364368
1.41074265341
1.40916305431
1.4102423492
1.40343775193
1.40807606195
1.41075853285
1.4130621484
1.40690730899
1.40450419147
1.40975809199
1.41727438257
1.40957588574
1.41284288698
1.40977576969
1.40673238041
1.41045518938
1.40523285427
1.40129920961
1.39801570332
1.40169003446
1.39319339091
1.41502243021
1.40527962387
1.40287755744
1.39984860173
1.39488290054
1.39627060557
1.3996805199
1.53866153977
1.53373502363
1.93957853742
1.92999836775
2.00912214088
2.00954606398
1.96410465768
1.63566993059
1.65725850171
1.45725850171
1.45398494525
1.45780215481
1.48501215584
1.50427108673
1.46937393918
1.50108953568
1.50665667315
1.48450666008
1.46718946362
1.47235291548
1.4852904369
1.47982417079
1.46734111403
1.47304697038
1.4766663158
1.45742676815
1.45132652098
1.46521507865
1.44624101885
1.42249399909
1.43166932331
1.4587277605
1.46643933036
1.45857744987
1.45150625849
1.47409228031
1.45774300928
1.46481421437
1.44415725045
1.43112094651
1.42380846486
1.40876866907
1.41424526581
1.42489590974
1.43773865963
1.4142472323
1.41987365605
1.40909006179
1.44233090483
1.41126845221
1.41573462391
1.45049216229
1.42701845195
1.44333526363
1.43240952015
1.40742033119
1.41515388053
1.42718860081
1.41113764927
1.40826953842
1.41729333456
1.40637817965
1.41140937718
1.42285738956
1.4259397988
1.42312453853
1.40683309753
1.43028870632
1.40466824593
1.43069265535
1.46816872071
1.46004112979
1.46471672675
1.46641723961
1.46231995012
1.48528130971
1.47020398566
1.51951903473
1.54134910923
1.50315634297
1.50846446704
1.48139717993
1.48536726188
1.48095865489
1.45413745697
1.45059021427
1.47677410228
1.43624893794
1.42537476858
1.41012438261
1.44575896121
1.44644063169
1.4564264774
1.46129696605
1.48630059491
1.45997980229
1.48936782344
1.49222162408
1.49256122802
1.45569153005
1.46740674953
1.47063753813
1.47794795299
1.45334513436
1.49172498635
1.49603937299
1.46815433672
1.47287694722
1.46731724766
1.43889324281
1.45425862455
1.47346309572
1.4928380751
1.35123140497
1.35123140497
1.24832901104
1.24890611455
1.30313762909
1.2558780007
1.25777307465
1.26483500301
1.25280950274
1.24670183459
1.25450331159
1.25169283854
1.2410144165
1.23268356547
1.23745144054
1.23907241329
1.23491502492
1.235947717
1.23418108355
1.23847460747
1.2373277438
1.23243031704
1.23655449643
1.24026942087
1.2357939933
1.23230864655
1.23468429623
1.2420349775
1.23185059301
1.23359768773
1.23460016816
1.23712264983
1.23308840519
1.23515494831
1.23540168277
1.22942560835
1.22770388832
1.22034479409
1.23477989588
1.22416074562
1.22111524299
1.21640098188
1.21806509351
1.22755183411
1.21218069927
1.22918468891
1.22934128839
1.22618816516
1.22853162235
1.22979323723
1.22952642214
1.22704319574
1.21922799247
1.21790415709
1.22801237467
1.22857609092
1.22242058155
1.1168895413
1.15961100706
1.15991632758
1.1627493331
1.1166154132
1.17133767206
1.13332038052
1.15894774272
1.16210817713
1.15713898931
1.11316703913
1.1412031505
1.1415408341
1.14663044193
1.13929673782
1.15613512194
1.12867076473
1.16311440624
1.14405327694
1.16908530615
1.16821093947
1.14757494962
1.15194352607
1.15141265756
1.13002900533
1.13137736866
1.11485059113
1.14748562976
1.16814092017
1.15615681523
1.14007989183
1.163712148
1.15316610447
1.17716404597
1.14619065935
1.15545628732
1.15945983137
1.14864575978
1.14443812202
1.19840694269
1.14896470867
1.16790155443
1.12255950561
1.14358770566
1.15446804606
1.18124654752
1.74081312676
1.45123140497
1.34832901104
1.34890611455
1.40313762909
1.3558780007
1.35777307465
1.36483500301
1.35280950274
1.34670183459
1.35450331159
1.35169283854
1.3410144165
1.33268356547
1.33745144054
1.33907241329
1.33491502492
1.335947717
1.33418108355
1.33847460747
1.3373277438
1.33243031704
1.33655449643
1.34026942087
1.3357939933
1.33230864655
1.33468429623
1.3420349775
1.33185059301
1.33359768773
1.33460016816
1.33712264983
1.33308840519
1.33515494831
1.33540168277
1.32942560835
1.32770388832
1.32034479409
1.33477989588
1.32416074562
1.32111524299
1.31640098188
1.31806509351
1.32755183411
1.31218069927
1.32918468891
1.32934128839
1.32618816516
1.32853162235
1.32979323723
1.32952642214
1.32704319574
1.31922799247
1.31790415709
1.32801237467
1.32857609092
1.32242058155
1.2168895413
1.25961100706
1.25991632758
1.2627493331
1.2166154132
1.27133767206
1.23332038052
1.25894774272
1.26210817713
1.25713898931
1.21316703913
1.2412031505
1.2415408341
1.24663044193
1.23929673782
1.25613512194
1.22867076472
1.26311440624
1.24405327694
1.26908530615
1.26821093947
1.24757494962
1.25194352607
1.25141265756
1.23002900533
1.23137736867
1.21485059113
1.24748562976
1.26814092017
1.25615681523
1.24007989183
1.263712148
1.25316610446
1.27716404597
1.24619065935
1.25545628732
1.25945983137
1.24864575978
1.24443812202
1.29840694269
1.24896470867
1.26790155443
1.22255950561
1.24358770566
1.25446804606
1.28124654752
1.84081312676
1.54081312676
1.55529897301
1.56713205178
1.56632642008
1.55866802085
1.55837452966
1.55679707789
1.56230543857
1.56514562035
1.56685044439
1.5678663963
1.56628462238
1.56663019861
1.56838916802
1.56894259467
1.57066767169
1.57051515182
1.57361443662
1.58018358733
1.58079871008
1.59419305968
1.58929621113
1.57806602152
1.57062930012
1.57097147158
1.57587123256
1.5760023057
1.56845024616
1.56636284663
1.57059172281
1.57170771187
1.57382968935
1.57381027756
1.56560577413
1.57112429492
1.57156436241
1.56543369927
1.56858800104
1.56962053293
1.56728070639
1.56973643853
1.57023105179
1.57040873019
1.5726081744
1.57193510063
1.57177528156
1.57138179815
1.56546041683
1.56805155175
1.56550765546
1.56918104798
1.57012843954
1.56671612729
1.56774077859
1.56405319386
1.56258400804
1.56603458553
1.56489447047
1.56791730701
1.56594706312
1.5619406486
1.56719451483
1.56782783308
1.55947825948
1.55854056195
1.5620732289
1.55941386076
1.56507698658
1.5636057194
1.560976518
1.55954339631
1.56313582953
1.56198677476
1.56101733853
1.56352531813
1.56720174922
1.56607585661
1.56599576131
1.56784535658
1.5677954661
1.56644465862
1.56389922442
1.5663817817
1.56887716285
1.56681479405
1.55600208664
1.55681100712
1.56311831135
1.56421519668
1.56246845109
1.56316684095
1.5623179855
1.56248294222
1.56003878843
1.56032186672
1.56419612346
1.56306099045
1.5609616382
1.55980187602
1.56202186932
1.55480145903
1.5531635011
1.5582210835
1.55798550552
1.55701016696
1.56145619924
1.56148301551
1.56115033797
1.56211485559
1.56385328965
1.5659191845
1.56659753796
1.9931508172
1.99234897257
1.14710993537
1.14710993537
1.1912087584
1.24629902109
1.302344483
1.29001178256
1.26629503275
1.25828926929
1.23009893049
1.23263207845
1.4257608069
1.27483008194
1.27502169264
1.26774563302
1.28639340305
1.28992531
1.29254931973
1.24561914178
1.27175812459
1.26612563484
1.27196611943
1.27738950887
1.26186634956
1.29916388924
1.272306235
1.26775888011
1.24979848556
1.27820276359
1.30338617426
1.25789860836
1.27420985639
1.27384084755
1.26000736538
1.28312510277
1.25842029428
1.29364962751
1.27530610094
1.27706989854
1.26767609805
1.26690426446
1.25267374521
1.27253996924
1.29432002274
1.28603103847
1.29443371768
1.2634890719
1.2396776853
1.24928717489
1.27394969474
1.2560607277
1.27651277227
1.25932106393
1.26294262856
1.25377525845
1.24987622189
1.25710497185
1.24297264683
1.25482727773
1.25411070364
1.25214500265
1.2548016631
1.23917379635
1.21327554493
1.19168836969
1.21685855361
1.20418235453
1.19309386717
1.20738918006
1.21372639358
1.20867427646
1.22573192813
1.21272658596
1.21674080261
1.21367889495
1.20280093886
1.20722413371
1.24229699705
1.22980174335
1.23457073201
1.218494635
1.22192684413
1.21518187983
1.20523139066
1.2188713491
1.21870593011
1.20002955639
1.2075048124
1.21757669091
1.2244757667
1.206377313
1.2112489424
1.19403915805
1.22533317968
1.22364516131
1.20545847466
1.20473655103
1.21016471848
1.2240941919
1.21267311201
1.20949457184
1.20077836983
1.18411395528
1.15719311466
1.57288721005
1.57288721005
1.61643765784
1.69084730969
1.67788009218
1.36925306509
1.64940485968
1.61503090614
1.54207742865
1.59317223105
1.52857534793
1.49737048898
1.01127916266
1.58367288801
1.52071628303
1.53109715503
1.5125782683
1.48519516749
1.47832340467
1.45157119268
1.45247703781
1.44059949076
1.43345423913
1.42757458511
1.4244972992
1.42938085066
1.40110751067
1.4113677745
1.4364677767
1.44936076481
1.43943746228
1.4384217274
1.4289752451
1.45156070909
1.4552799871
1.44041339653
1.42791008535
1.41991325248
1.4160308403
1.39059695825
1.40226790544
1.4040822143
1.39720381106
1.41722669554
1.41576366741
1.42531183298
1.45991269211
1.43030305003
1.43447307016
1.42814960384
1.42656455814
1.44072988693
1.4374627003
1.44160667706
1.45063197535
1.47101685305
1.46052531012
1.44567029246
1.45570862537
1.4374911474
1.43984211962
1.44387222301
1.4302523279
1.43829546413
1.4553762547
1.46492720148
1.46363063553
1.45728734479
1.45527818252
1.4712521842
1.44552329071
1.45424570312
1.41402255777
1.45482677533
1.45045172886
1.44666463369
1.44960462556
1.45436753017
1.45521869681
1.46082499061
1.45009469754
1.45898414015
1.45847144923
1.44608289713
1.44541665895
1.4436890761
1.43707580178
1.45801644586
1.4443016911
1.46933180884
1.46652682182
1.46322439092
1.43764853113
1.45901137159
1.46041434153
1.46726107899
1.4685876048
1.45710664598
1.4455476744
1.44983598139
1.4388082495
1.45406582096
1.44916372408
1.44781152713
1.45241144175
1.45239356039
1.45809859871
1.43652165642
1.43927608542
1.43895922713
1.44265435507
1.41583527742
1.42987433497
1.43813428153
1.44835258877
1.44359450311
