0.708808971101
0.711888866316
0.710738559157
0.710838305106
0.708116546447
0.70754045049
0.701206411733
0.709075351763
0.706225006056
0.70875500489
0.707383744738
0.703676319341
0.705839599238
0.700592020301
0.701218123377
0.702383901598
0.704709478525
0.696742737328
0.698383448678
0.698469557262
0.69582025408
0.69722637261
0.697885619237
0.697955604763
0.695523497708
0.694718616553
0.694726263665
0.700405570334
0.700653848567
0.699578602281
0.694063502706
0.697095806912
0.697065270898
0.693890197018
0.69588128382
0.701727827789
0.696863311452
0.689754074131
0.691443167763
0.695611758505
0.68620599054
0.695886510065
0.682570830183
0.68611803388
0.687597036942
0.685890671528
0.686621999636
0.690183140389
0.691508488298
0.689620777771
0.695923716387
0.683215985779
0.690539427621
0.689604617716
0.678786561786
0.679994671632
0.685331251518
0.688060572678
0.677092483494
0.681505692491
0.67952222413
0.672982621918
0.673710692814
0.667700171026
0.671352359627
0.683661321417
0.673748055528
0.669475847357
0.667766936569
0.672989810757
0.658735007338
0.667195548942
0.671559851973
0.643350202751
0.6576993625
0.653238908768
0.639606587915
0.645518138211
0.653675899064
0.662270883961
0.666798256687
0.659447359814
0.636788734111
0.662217887121
0.654990417308
0.663060598375
0.657457149067
0.640859723914
0.639161330093
0.623410654382
0.645626839774
0.641870438418
0.649529669231
0.640772274353
0.621425994388
0.636896143471
0.648707821925
0.647109042155
0.638461390246
0.151893080641
