0.688449878323
0.789075645259
0.79233815904
0.791429023265
0.791796296466
0.789366128547
0.788587313004
0.782140642463
0.790203857277
0.787373470264
0.789948608522
0.788625181784
0.78502295733
0.787210867632
0.783155049241
0.783588910497
0.784597800682
0.786735258768
0.778413592914
0.78059047393
0.780642616464
0.777835950841
0.77943070541
0.780076885649
0.780033358054
0.777441250628
0.776670356051
0.776649526673
0.782529377439
0.782706792034
0.781517450731
0.776195188905
0.779091145475
0.77901849675
0.775951236602
0.777913049538
0.783631936542
0.778739224374
0.771603869912
0.77366780095
0.777977990901
0.76815649908
0.77804969034
0.764287246903
0.768176846936
0.7697170798
0.767679206899
0.768360858912
0.771816488037
0.77281158809
0.771203246289
0.777688586309
0.764507224576
0.771633445573
0.771074871681
0.760436543693
0.761209928287
0.766565732781
0.769195485819
0.757324973432
0.761787837908
0.760684158791
0.753269307244
0.753439155874
0.746937601507
0.751206805234
0.76427051886
0.753734467265
0.748575610815
0.747075901601
0.753259576593
0.738401515198
0.746861050976
0.751419426656
0.722293820837
0.736417896549
0.731473937752
0.717210234796
0.723464682649
0.732609200932
0.741908099141
0.746882906316
0.738727733858
0.714356262384
0.741514722461
0.733653638792
0.742626164532
0.735993025998
0.718526813346
0.716952852565
0.701585554164
0.724630481952
0.719848271122
0.727671785465
0.71916225717
0.699567313521
0.715010333134
0.727117628436
0.725551511236
0.715903317476
