1.68528300975
1.68434971308
1.72476678324
1.67951487962
1.66997154728
1.73417759987
1.83785537213
1.69274800551
1.69396231359
1.65413523874
1.64985165736
1.66205283082
1.65443165378
1.62566987788
1.63262579308
1.62768180788
1.6501516787
1.64924690787
1.66624958359
1.65705529765
1.69402951516
1.74454177121
1.82746808768
1.78058558493
1.6913515117
1.6895631374
1.68533169845
1.6873838432
1.6955842617
1.67684052804
1.6684372558
1.66670257641
1.71200030062
1.69227858932
1.68862212904
1.69420044938
1.68040435393
1.6701182134
1.66668045528
1.67155074821
1.67989919881
1.66597582018
1.66237337027
1.66240545688
1.67345861469
1.69258030414
1.65756754276
1.66412366144
1.66748057161
1.67797782035
1.69235629357
1.69767949542
1.69358713086
1.68865029958
1.67562695681
1.69000448556
1.68344384452
1.67966802036
1.67624254405
1.6715206956
1.67977905384
1.70718190172
1.67878593364
1.67433971964
1.67757645932
1.67491732681
1.67515165884
1.66495621564
1.66794909788
1.67188619822
1.64252113008
1.67509215545
1.65922438452
1.70476069332
1.69675174373
1.69773565547
1.69853968289
1.68212013626
1.67861375301
1.67261687935
1.67793544907
1.67127952624
1.657756938
1.63088732009
1.61843270119
1.66417337249
1.61940316108
1.65123946729
1.65927033122
1.6189600834
1.63519943706
1.65303011564
1.64920429743
1.63087687328
1.6274104102
1.63883257836
1.64218690223
1.63166687545
1.63069203144
0.147101568185
0.159659928092
0.147657190458
0.139705109868
0.140047222001
0.154864789524
0.157530280997
0.177315464378
0.153916265573
0.159478756193
0.147619516446
0.144558328047
0.153137099592
0.149957168255
0.17751695517
0.177878336049
0.169748476203
0.163282631669
0.189522848136
0.185555498345
0.17902051417
0.188851438659
0.181565673187
0.177352428863
0.167772424199
0.169962039931
0.17201377297
0.173290003445
0.162076188236
0.161314840887
0.155405573094
0.173601694971
0.171536320681
0.171326824588
0.173246918541
0.173069381372
0.15137867357
0.170685119036
0.166065336262
0.162318019898
0.156465549129
0.181351669215
0.158818039683
0.173216037787
0.169106996347
0.166431077866
0.16754450057
0.160902498623
0.15559368536
0.149719665499
0.155874378892
0.145303617786
0.160569932004
0.162028937616
0.166738849277
0.173129195544
0.169155879986
0.164671586103
0.151246584899
0.170470316504
0.164152787771
0.169836838169
0.17583267102
0.18525699496
0.184075880686
0.180088530732
0.159835397058
0.162502360277
0.170323151349
0.172179634178
0.166627800035
0.176774910745
0.171442133477
0.168655763213
0.208251562239
0.198698848142
0.193063304458
0.202453749177
0.184396599505
0.18758310796
0.182539202514
0.176583281608
0.181322354747
0.20615942789
0.179330025807
0.19091981242
0.187166667405
0.179035298502
0.205856020939
0.21037961396
0.215389126701
0.202748593268
0.203398584741
0.196004574707
0.201857640722
0.223788700846
0.213470107275
0.195630320727
0.196177180127
0.205513843151
1.69866291415
1.39406721481
1.37418209581
1.35650815153
1.35781725333
1.34774218033
1.34086270609
1.33096482093
1.33083946668
1.329426586
1.32619073112
1.32790160905
1.33440681158
1.33002899719
1.32709538437
1.32217372238
1.32137964006
1.3212761238
1.32061350224
1.32002236271
1.32063235323
1.31566715859
1.31649647305
1.31524558848
1.31694759906
1.31713291093
1.31330575072
1.32231853092
1.31743626056
1.32012620717
1.30982639162
1.3179180311
1.32074573574
1.3018637785
1.30711738967
1.30596940749
1.30631912685
1.30565974801
1.30420021859
1.3012599642
1.29509822596
1.30218515655
1.30813809507
1.30176490686
1.30542217887
1.31406513895
1.30814419319
1.30630646451
1.29636534502
1.31000750739
1.30960631475
1.30793639664
1.30912989643
1.31039802795
1.31067931831
1.30468032699
1.30004693435
1.30239258979
1.3021762953
1.30116499939
1.30000889843
1.29176990336
1.29899140885
1.30048170229
1.29625901147
1.30176678625
1.30091188137
1.29894492697
1.30090118528
1.30146328614
1.30642614411
1.30115260138
1.30415184987
1.30414527571
1.30291121344
1.30533318923
1.30118506026
1.30023713793
1.30435550646
1.30327623409
1.3050429594
1.30447929335
1.30561969928
1.30324760749
1.29801548927
1.2889901985
1.28310950129
1.28297612578
1.2787557703
1.2805970974
1.2796440294
1.27638766664
1.27393277399
1.27402514377
1.27202126046
1.26902459274
1.2649657888
1.26935991307
1.27107733738
1.26708360593
1.26297131651
1.15252357075
1.12872655701
1.12684951609
1.10878362461
1.0988620826
1.09740465598
1.10302944857
1.10229385328
1.08830008919
1.07815901472
1.09690187078
1.06534562799
1.06540866766
1.06282142144
1.06363341962
1.06292579914
1.06039497728
1.06508106046
1.05258456959
1.05366273156
1.05217121311
1.04978488073
1.05200777299
1.05044244421
1.05132702907
1.05541361272
1.04669593349
1.04832874522
1.04842191263
1.04847601181
1.05975574428
1.05257528019
1.05004223499
1.05148982015
1.05130792312
1.04369237777
1.05024021516
1.03860774183
1.03413773529
1.0372385323
1.03810673674
1.02638499754
1.02490184713
1.02701612982
1.02660995173
1.02307364817
1.02498778621
1.04054633314
1.03474588498
1.03023716818
1.02396603118
1.02610304244
1.02183216804
1.02225617133
1.01833238119
1.02016614216
1.01625372839
1.0162403654
1.01889041039
1.01274954593
1.0094555259
1.01091727991
1.00850442058
1.03223205424
1.01889565223
1.01177993024
1.01407386088
1.01068864505
1.01208710548
1.01309444406
1.00903009987
1.00915809027
1.00948113882
1.00754896236
1.00835617687
1.00916776367
1.00938004342
1.01272202479
1.00392643902
1.00498133663
1.04443671858
1.02387551096
1.02427563732
1.02479652178
1.02544414
1.03116445077
1.01689061913
1.0219609315
1.00932586124
1.00840454257
0.995123912041
1.0061687151
1.00861536076
1.00386383525
1.00807364368
1.01074265341
1.00916305431
1.0102423492
1.00343775193
1.00807606195
1.01075853285
1.0130621484
1.00690730899
1.00450419147
1.00975809199
1.01727438257
1.00957588574
1.01284288698
1.00977576969
1.00673238041
1.01045518938
1.00523285427
1.00129920961
0.998015703318
1.00169003446
0.993193390905
1.01502243021
1.00527962387
1.00287755744
0.999848601731
0.994882900538
0.996270605573
0.999680519904
1.13866153977
1.13373502363
1.53957853742
1.52999836775
1.60912214088
1.60954606398
1.56410465768
1.23566993059
1.25725850171
1.25398494525
1.25780215481
1.28501215584
1.30427108673
1.26937393918
1.30108953568
1.30665667315
1.28450666008
1.26718946362
1.27235291548
1.2852904369
1.27982417079
1.26734111403
1.27304697038
1.2766663158
1.25742676815
1.25132652098
1.26521507865
1.24624101885
1.22249399909
1.23166932331
1.2587277605
1.26643933036
1.25857744987
1.25150625849
1.27409228031
1.25774300928
1.26481421437
1.24415725045
1.23112094651
1.22380846486
1.20876866907
1.21424526581
1.22489590974
1.23773865963
1.2142472323
1.21987365605
1.20909006179
1.24233090483
1.21126845221
1.21573462391
1.25049216229
1.22701845195
1.24333526363
1.23240952015
1.20742033119
1.21515388053
1.22718860081
1.21113764927
1.20826953842
1.21729333456
1.20637817965
1.21140937718
1.22285738956
1.2259397988
1.22312453853
1.20683309753
1.23028870632
1.20466824593
1.23069265535
1.26816872071
1.26004112979
1.26471672675
1.26641723961
1.26231995012
1.28528130971
1.27020398566
1.31951903473
1.34134910923
1.30315634297
1.30846446704
1.28139717993
1.28536726188
1.28095865489
1.25413745697
1.25059021427
1.27677410228
1.23624893794
1.22537476858
1.21012438261
1.24575896121
1.24644063169
1.2564264774
1.26129696605
1.28630059491
1.25997980229
1.28936782344
1.29222162408
1.29256122802
1.25569153005
1.26740674953
1.27063753813
1.27794795299
1.25334513436
1.29172498635
1.29603937299
1.26815433672
1.27287694722
1.26731724766
1.23889324281
1.25425862455
1.27346309572
1.2928380751
1.15123140497
1.04832901104
1.04890611455
1.10313762909
1.0558780007
1.05777307465
1.06483500301
1.05280950274
1.04670183459
1.05450331159
1.05169283854
1.0410144165
1.03268356547
1.03745144054
1.03907241329
1.03491502492
1.035947717
1.03418108355
1.03847460747
1.0373277438
1.03243031704
1.03655449643
1.04026942087
1.0357939933
1.03230864655
1.03468429623
1.0420349775
1.03185059301
1.03359768773
1.03460016816
1.03712264983
1.03308840519
1.03515494831
1.03540168277
1.02942560835
1.02770388832
1.02034479409
1.03477989588
1.02416074562
1.02111524299
1.01640098188
1.01806509351
1.02755183411
1.01218069927
1.02918468891
1.02934128839
1.02618816516
1.02853162235
1.02979323723
1.02952642214
1.02704319574
1.01922799247
1.01790415709
1.02801237467
1.02857609092
1.02242058155
0.916889541297
0.959611007063
0.959916327577
0.962749333097
0.916615413202
0.971337672063
0.933320380518
0.95894774272
0.96210817713
0.957138989308
0.913167039132
0.941203150498
0.9415408341
0.946630441929
0.939296737821
0.956135121943
0.928670764725
0.963114406243
0.944053276941
0.969085306146
0.968210939467
0.947574949623
0.951943526065
0.951412657559
0.930029005328
0.931377368665
0.914850591125
0.94748562976
0.968140920167
0.956156815225
0.940079891833
0.963712148004
0.953166104465
0.977164045968
0.946190659353
0.955456287316
0.959459831373
0.948645759783
0.944438122023
0.998406942692
0.948964708673
0.967901554425
0.922559505611
0.943587705661
0.954468046056
0.981246547519
1.54081312676
1.55529897301
1.56713205178
1.56632642008
1.55866802085
1.55837452966
1.55679707789
1.56230543857
1.56514562035
1.56685044439
1.5678663963
1.56628462238
1.56663019861
1.56838916802
1.56894259467
1.57066767169
1.57051515182
1.57361443662
1.58018358733
1.58079871008
1.59419305968
1.58929621113
1.57806602152
1.57062930012
1.57097147158
1.57587123256
1.5760023057
1.56845024616
1.56636284663
1.57059172281
1.57170771187
1.57382968935
1.57381027756
1.56560577413
1.57112429492
1.57156436241
1.56543369927
1.56858800104
1.56962053293
1.56728070639
1.56973643853
1.57023105179
1.57040873019
1.5726081744
1.57193510063
1.57177528156
1.57138179815
1.56546041683
1.56805155175
1.56550765546
1.56918104798
1.57012843954
1.56671612729
1.56774077859
1.56405319386
1.56258400804
1.56603458553
1.56489447047
1.56791730701
1.56594706312
1.5619406486
1.56719451483
1.56782783308
1.55947825948
1.55854056195
1.5620732289
1.55941386076
1.56507698658
1.5636057194
1.560976518
1.55954339631
1.56313582953
1.56198677476
1.56101733853
1.56352531813
1.56720174922
1.56607585661
1.56599576131
1.56784535658
1.5677954661
1.56644465862
1.56389922442
1.5663817817
1.56887716285
1.56681479405
1.55600208664
1.55681100712
1.56311831135
1.56421519668
1.56246845109
1.56316684095
1.5623179855
1.56248294222
1.56003878843
1.56032186672
1.56419612346
1.56306099045
1.5609616382
1.55980187602
1.56202186932
1.55480145903
1.5531635011
1.5582210835
1.55798550552
1.55701016696
1.56145619924
1.56148301551
1.56115033797
1.56211485559
1.56385328965
1.5659191845
1.56659753796
1.9931508172
1.99234897257
1.14710993537
1.1912087584
1.24629902109
1.302344483
1.29001178256
1.26629503275
1.25828926929
1.23009893049
1.23263207845
1.4257608069
1.27483008194
1.27502169264
1.26774563302
1.28639340305
1.28992531
1.29254931973
1.24561914178
1.27175812459
1.26612563484
1.27196611943
1.27738950887
1.26186634956
1.29916388924
1.272306235
1.26775888011
1.24979848556
1.27820276359
1.30338617426
1.25789860836
1.27420985639
1.27384084755
1.26000736538
1.28312510277
1.25842029428
1.29364962751
1.27530610094
1.27706989854
1.26767609805
1.26690426446
1.25267374521
1.27253996924
1.29432002274
1.28603103847
1.29443371768
1.2634890719
1.2396776853
1.24928717489
1.27394969474
1.2560607277
1.27651277227
1.25932106393
1.26294262856
1.25377525845
1.24987622189
1.25710497185
1.24297264683
1.25482727773
1.25411070364
1.25214500265
1.2548016631
1.23917379635
1.21327554493
1.19168836969
1.21685855361
1.20418235453
1.19309386717
1.20738918006
1.21372639358
1.20867427646
1.22573192813
1.21272658596
1.21674080261
1.21367889495
1.20280093886
1.20722413371
1.24229699705
1.22980174335
1.23457073201
1.218494635
1.22192684413
1.21518187983
1.20523139066
1.2188713491
1.21870593011
1.20002955639
1.2075048124
1.21757669091
1.2244757667
1.206377313
1.2112489424
1.19403915805
1.22533317968
1.22364516131
1.20545847466
1.20473655103
1.21016471848
1.2240941919
1.21267311201
1.20949457184
1.20077836983
1.18411395528
1.15719311466
1.57288721005
1.61643765784
1.69084730969
1.67788009218
1.36925306509
1.64940485968
1.61503090614
1.54207742865
1.59317223105
1.52857534793
1.49737048898
1.01127916266
1.58367288801
1.52071628303
1.53109715503
1.5125782683
1.48519516749
1.47832340467
1.45157119268
1.45247703781
1.44059949076
1.43345423913
1.42757458511
1.4244972992
1.42938085066
1.40110751067
1.4113677745
1.4364677767
1.44936076481
1.43943746228
1.4384217274
1.4289752451
1.45156070909
1.4552799871
1.44041339653
1.42791008535
1.41991325248
1.4160308403
1.39059695825
1.40226790544
1.4040822143
1.39720381106
1.41722669554
1.41576366741
1.42531183298
1.45991269211
1.43030305003
1.43447307016
1.42814960384
1.42656455814
1.44072988693
1.4374627003
1.44160667706
1.45063197535
1.47101685305
1.46052531012
1.44567029246
1.45570862537
1.4374911474
1.43984211962
1.44387222301
1.4302523279
1.43829546413
1.4553762547
1.46492720148
1.46363063553
1.45728734479
1.45527818252
1.4712521842
1.44552329071
1.45424570312
1.41402255777
1.45482677533
1.45045172886
1.44666463369
1.44960462556
1.45436753017
1.45521869681
1.46082499061
1.45009469754
1.45898414015
1.45847144923
1.44608289713
1.44541665895
1.4436890761
1.43707580178
1.45801644586
1.4443016911
1.46933180884
1.46652682182
1.46322439092
1.43764853113
1.45901137159
1.46041434153
1.46726107899
1.4685876048
1.45710664598
1.4455476744
1.44983598139
1.4388082495
1.45406582096
1.44916372408
1.44781152713
1.45241144175
1.45239356039
1.45809859871
1.43652165642
1.43927608542
1.43895922713
1.44265435507
1.41583527742
1.42987433497
1.43813428153
1.44835258877
1.44359450311
2.23176831849
2.22781748438
2.22592001679
1.76900665106
1.84029396762
1.53589064651
