2.55912683402
2.6068041759
2.63364780034
2.58872687543
2.57723356946
2.61756405417
2.7351639384
2.60727170223
2.59722954607
2.55929306477
2.5548248552
2.56597012524
2.55428289204
2.52544896409
2.52992564738
2.51918117869
2.56019334907
2.56762483968
2.58291837318
2.57001350464
2.59762538711
2.6360183929
2.71672849173
2.67067125559
2.59132983033
2.59070295111
2.5847713648
2.58744346162
2.60857737539
2.58664643938
2.57621087243
2.57229836206
2.6352799334
2.61321628148
2.60054592126
2.60727520504
2.593781169
2.57865320511
2.57378020849
2.59088427054
2.60134953644
2.5801921087
2.57783998129
2.57103547249
2.58475950674
2.61162423293
2.56022800103
2.57005391591
2.57625169744
2.58761447119
2.60818313165
2.61464880769
2.61004751117
2.60073869258
2.58505311759
2.60541617093
2.6031163701
2.59813246852
2.58914529266
2.5823498517
2.59927072862
2.62945989723
2.59524934005
2.58787597167
2.60002881904
2.59458003366
2.5922209046
2.58244945133
2.58146187644
2.58223685574
2.55912898073
2.60212811092
2.57485386819
2.62356117433
2.62014057281
2.61438994952
2.61293818485
2.60122254497
2.59421092726
2.58459950115
2.5912037836
2.58136631911
2.56725735523
2.5454441888
2.53497042244
2.5772261316
2.53553960077
2.56707902061
2.57323965206
2.53668507099
2.55506988256
2.56995618926
2.56660315831
2.54280527017
2.54685398587
2.55471200609
2.55652868463
2.54701586314
2.54742777497
1.6338169451
1.63234352641
1.43234352641
1.43638924325
1.43246454258
1.43496879147
1.43136879038
1.4298108243
1.42861544385
1.43091038101
1.42736786999
1.4365896014
1.4335585738
1.4362387416
1.43092227489
1.46140323004
1.45888294418
1.45396404556
1.45218079027
1.44290492844
1.45850621279
1.45730817168
1.45529276225
1.45159091735
1.45361882196
1.4554878392
1.44708965959
1.44452726203
1.44357474639
1.44923658665
1.4423837367
1.44827212378
1.44060870635
1.43802527429
1.43800256213
1.43425552104
1.43510132127
1.44067375956
1.44216771407
1.44162743329
1.44377566635
1.43055706717
1.42668459495
1.43511095747
1.44104422789
1.43157098061
1.43538405533
1.42865543807
1.42576352352
1.41680668242
1.42089252679
1.43020661843
1.42793654808
1.42941789235
1.43220327612
1.42602241753
1.42382918609
1.42379074819
1.41505327567
1.41678547132
1.41550330792
1.41512149773
1.42618277904
1.41377493637
1.41232708043
1.40849293925
1.40741917573
1.4111119009
1.41328246267
1.40367982357
1.40078532946
1.40947713831
1.40784193105
1.40798060513
1.40444909605
1.41469832177
1.40083705534
1.39740724085
1.40143592731
1.39944555643
1.39373663538
1.40486470171
1.40523564266
1.40121891776
1.39798474656
1.40109349241
1.3964541028
1.40022463508
1.40330960781
1.39899415526
1.40047959227
1.39786043892
1.38365878303
1.38919343629
1.39753164705
1.39785633457
1.40788854932
1.38583669921
1.39809543036
1.40274026643
1.40005733513
2.32124198304
2.57124198304
1.54861303121
1.53162014575
1.52204061064
1.52062811363
1.52210419129
1.51523484182
1.50924190685
1.51147874848
1.51159310419
1.51185061561
1.51135612173
1.51852962759
1.51505410127
1.5128959225
1.51332995495
1.51302409475
1.51363982348
1.51210271762
1.51392800539
1.51258163799
1.51205430801
1.51324357341
1.51684035905
1.51304707489
1.5157248596
1.51352142978
1.52051526887
1.51823101463
1.52004028299
1.51445948795
1.52134898114
1.5190323705
1.50700886125
1.51175172546
1.50584388568
1.50573185581
1.51077453207
1.51042415797
1.50514052509
1.50703237759
1.50808135837
1.51419944859
1.50817604289
1.51451065124
1.52149881353
1.51735379782
1.51745265772
1.51102183937
1.51984988796
1.51911400061
1.51669790851
1.51928900642
1.51977844897
1.52155862904
1.52405995262
1.52085115631
1.52309127804
1.52315293708
1.52112275509
1.51930552381
1.51711180924
1.52098829062
1.52377264376
1.51742397855
1.52325076608
1.52112366417
1.51980982754
1.52349877395
1.5233284044
1.5322896975
1.52140152213
1.52475925809
1.52864543581
1.5241785607
1.52986020082
1.52753815758
1.53451030488
1.53414767847
1.53511582344
1.53382698
1.53674079286
1.53822970337
1.53620880248
1.53118756736
1.52040182988
1.51403236608
1.51505165179
1.51751750678
1.51528323803
1.51412661381
1.51497214564
1.51449953312
1.5142301822
1.51417571557
1.51012617464
1.50896976173
1.51449003422
1.51728702146
1.5158049083
1.51557382083
0.861416471023
0.211416471023
0.168500302009
0.16668536802
0.14475931644
0.141810522857
0.138768949772
0.133397508818
0.134970750161
0.125944154286
0.115863287551
0.142089444882
0.112502430234
0.104478705364
0.0954842778862
0.0972617519677
0.111127435498
0.112114660047
0.135202315159
0.118074978939
0.120413928359
0.130791421209
0.123410099178
0.134471271196
0.12355706716
0.124662795668
0.123854955685
0.133601329052
0.128463729151
0.142009609478
0.147655256978
0.14906796846
0.146377894761
0.175938412351
0.187874042378
0.212221439039
0.151460880017
0.156520034216
0.140600250561
0.146599210924
0.146725623717
0.150614681538
0.146027159123
0.133216199585
0.143069107335
0.143628219819
0.14031728268
0.144585835048
0.103620192325
0.122863918422
0.119498385285
0.125066323304
0.133886889197
0.12907794765
0.129675227625
0.126156724824
0.133698105045
0.155129143725
0.114062080949
0.127961960238
0.135461987664
0.124913171649
0.159145088821
0.1662370026
0.149754739235
0.150141936964
0.150065824361
0.153987684473
0.148432494414
0.133355478109
0.13835595248
0.145363059606
0.150402555423
0.15934129411
0.171118811047
0.170858806546
0.173199789484
0.184752686073
0.193277914344
0.17803970729
0.179966385131
0.170692822178
0.160437736156
0.177121591675
0.199698752227
0.194797991662
0.183526450079
0.183215115568
0.197422475697
0.159357422005
0.166509711921
0.178223233098
0.187939520328
0.199248728976
0.171263984941
0.166128442993
0.181379919499
0.185588504542
0.183974973862
0.1886115045
0.185117815771
0.199741254837
0.173283413479
0.169550584238
0.175649154634
0.199592663492
0.230504693215
0.192746562365
0.209595433928
0.197066629423
0.195260468729
0.191505323323
0.150525287333
0.175466837151
0.177791748339
0.183132625079
0.156864756773
0.155959067456
0.171312176491
0.203675949002
0.192389695771
0.196543831977
0.185175883601
0.197942563997
0.837566604334
0.833403670248
1.44083881281
1.43678612566
1.53218008131
1.53463675075
1.48863370609
1.10189276841
1.12487839921
1.32487839921
1.32317568898
1.32707807665
1.36096606607
1.38534450096
1.35456147305
1.38855354499
1.39259672633
1.36733173218
1.34622151509
1.35329394148
1.36936175171
1.36050880927
1.34630435017
1.35525727106
1.36029130938
1.33705709372
1.33379270999
1.3488678657
1.32233099665
1.28951835803
1.30008489494
1.35143908049
1.36499891265
1.34320821322
1.33359354308
1.36026859474
1.34213603392
1.34848691829
1.31740413425
1.30004958519
1.29685356567
1.27283216699
1.28303934341
1.29274082736
1.30822529384
1.27806582781
1.28674636298
1.27084300118
1.31168507013
1.27242658016
1.28427342065
1.32600235453
1.29679806698
1.31771448077
1.30328391364
1.2719333669
1.28210859314
1.29771882336
1.27573813487
1.2725361357
1.28704590907
1.27171688552
1.28002372935
1.29234813925
1.29616430442
1.29196662868
1.27384810421
1.30696802208
1.27375569191
1.30569784996
1.3502297505
1.34423455626
1.34929416017
1.35172107662
1.34558584346
1.36485774188
1.34848416513
1.41475854469
1.44741504485
1.39856384332
1.40622198431
1.37258705033
1.37762723596
1.37590494933
1.33961779246
1.33586964788
1.36809644737
1.32175967502
1.30828873647
1.28362376437
1.33467210883
1.34265062978
1.35117820699
1.35606338564
1.38696269658
1.35210052725
1.39040465767
1.39496880965
1.39556217494
1.3480800052
1.36404946862
1.3665714873
1.3758017234
1.34678361491
1.39392790906
1.39954013277
1.36799555135
1.37375114286
1.36404729143
1.32559226902
1.34751691536
1.36977877142
1.3947306664
1.6197420542
2.0197420542
1.93811363852
1.93991996154
1.97823398244
1.94395310322
1.94634885402
1.94720022004
1.93415634011
1.9281052576
1.93604391406
1.92861388758
1.9439388965
1.9351551114
1.9355459347
1.93789466912
1.93204006636
1.92788726366
1.92984993502
1.9305641358
1.92795400529
1.92286642096
1.92868126297
1.93186035897
1.92644847259
1.92313675076
1.92451920981
1.93235796598
1.92296383113
1.92411157137
1.92300045215
1.92521374974
1.92114021037
1.92155482756
1.92365825667
1.92162729807
1.92804711531
1.91593975259
1.92547064504
1.93100439174
1.91946191832
1.91183016635
1.9073126074
1.91656573662
1.90550831526
1.91754939047
1.91642642836
1.9174868629
1.91796960932
1.91354635768
1.91461906264
1.91485807516
1.90762947738
1.90587622749
1.91593954738
1.91578675793
1.90746956254
1.84778753506
1.87076641282
1.87045372943
1.86878440047
1.83604537246
1.87284449643
1.84627161709
1.86025136198
1.86757188454
1.86405842926
1.82677818883
1.85147974745
1.85406450095
1.85304438168
1.86419622579
1.87131927938
1.85516879757
1.87171046512
1.8580161468
1.87592750398
1.87649984034
1.85996037885
1.86043853417
1.86195578044
1.84520193555
1.84372813234
1.83956056283
1.86373385784
1.87698816171
1.86694799546
1.85803413344
1.87691295827
1.86484211966
1.8803814344
1.86116198196
1.86658748021
1.86876493133
1.86198235634
1.85718511393
1.89141610005
1.86036710983
1.8720722178
1.84138596361
1.85682042766
1.86105112345
1.89021771528
2.20825848643
2.1197420542
2.03811363852
2.03991996154
2.07823398244
2.04395310322
2.04634885402
2.04720022004
2.03415634011
2.0281052576
2.03604391406
2.02861388758
2.0439388965
2.0351551114
2.0355459347
2.03789466912
2.03204006636
2.02788726366
2.02984993502
2.0305641358
2.02795400529
2.02286642096
2.02868126297
2.03186035897
2.02644847259
2.02313675076
2.02451920981
2.03235796598
2.02296383113
2.02411157137
2.02300045215
2.02521374974
2.02114021037
2.02155482756
2.02365825667
2.02162729807
2.02804711531
2.01593975259
2.02547064504
2.03100439174
2.01946191832
2.01183016635
2.0073126074
2.01656573662
2.00550831526
2.01754939047
2.01642642836
2.0174868629
2.01796960932
2.01354635768
2.01461906264
2.01485807516
2.00762947738
2.00587622749
2.01593954738
2.01578675793
2.00746956254
1.94778753506
1.97076641282
1.97045372943
1.96878440047
1.93604537246
1.97284449643
1.94627161709
1.96025136198
1.96757188454
1.96405842926
1.92677818883
1.95147974745
1.95406450095
1.95304438168
1.96419622579
1.97131927938
1.95516879757
1.97171046512
1.9580161468
1.97592750398
1.97649984034
1.95996037885
1.96043853417
1.96195578044
1.94520193555
1.94372813234
1.93956056283
1.96373385784
1.97698816171
1.96694799546
1.95803413344
1.97691295827
1.96484211966
1.9803814344
1.96116198196
1.96658748021
1.96876493133
1.96198235634
1.95718511393
1.99141610005
1.96036710983
1.9720722178
1.94138596361
1.95682042766
1.96105112345
1.99021771528
2.30825848643
2.00825848643
2.02040719845
2.03248245466
2.03411018202
2.02750819776
2.02724934078
2.02516174496
2.030009617
2.03335284492
2.03506797816
2.03634103012
2.03404867412
2.03477823221
2.03696546497
2.0370402741
2.0385651563
2.03562954997
2.0422126417
2.09524572825
2.09415339553
2.10723931539
2.10404101867
2.09658989304
2.08909991221
2.08687040582
2.08871517662
2.08932238917
2.08286403131
2.08416601088
2.0844852836
2.08620767993
2.08829756134
2.08832973586
2.08532568175
2.08641384714
2.08645455929
2.08322594347
2.08610785568
2.08679628216
2.08627503153
2.08744257444
2.08702694697
2.08741145104
2.08762373949
2.08698013713
2.08798035158
2.0859808029
2.08450786049
2.08319003115
2.08390113542
2.08358031082
2.08209086325
2.08306359861
2.08087902387
2.07758651079
2.07777216263
2.07826381604
2.07674279584
2.0750305616
2.07433788689
2.07457985558
2.07701643798
2.07509227974
2.07056048912
2.06884604157
2.0701557108
2.06701199063
2.06955624917
2.07013635593
2.06911586108
2.06925924161
2.07408608414
2.07213510484
2.0690969375
2.0708280319
2.07297211833
2.07142559855
2.07125989075
2.07399827247
2.07210809975
2.07361891067
2.07284153267
2.07315691946
2.07433063627
2.07095110034
2.06334873667
2.0659150617
2.06982153075
2.07198659424
2.07218489145
2.07046159888
2.07142168138
2.07226505173
2.07240634408
2.07229923016
2.07307324276
2.07185667408
2.06969919619
2.07161232157
2.06986210765
2.06571189025
2.06359323661
2.06495016626
2.0681516212
2.06613762553
2.06654251394
2.06694173219
2.06767635198
2.06895519203
2.0714762914
2.06995998673
2.07079398811
2.55985974719
2.55912023375
1.93271424811
1.93271424811
1.9700735343
2.01874251205
2.06711130325
2.05592297283
2.03683037998
2.02726798312
2.00238712472
2.00358423679
2.17221954728
2.04015274372
2.03754401621
2.03326578532
2.04915068658
2.04957254211
2.05249202704
2.01228705252
2.03411285948
2.03054219284
2.03378555761
2.03921078226
2.02455572707
2.06078233056
2.03647223316
2.03394973587
2.01924781267
2.0430473497
2.06494846336
2.02462799021
2.03892906639
2.03877352861
2.03934373002
2.05695689032
2.03427984517
2.06125928308
2.04627420165
2.04827556261
2.03575264788
2.0373728645
2.02153391709
2.04192642994
2.0571905255
2.04890858093
2.05620765844
2.02942525141
2.00543537709
2.01320122262
2.03731793066
2.02330661539
2.03996786099
2.02586259331
2.03030458804
2.01958872228
2.015358211
2.02221697397
2.00680802814
2.01334523401
2.01292357583
2.02041218242
2.01515422939
2.00327262633
1.97690870709
1.96214139968
1.97912867068
1.96765000868
1.96119607999
1.97125027306
1.97580397643
1.97968223468
1.99659162909
1.98269142032
1.98554209707
1.98179028696
1.97275318362
1.97362297242
2.00142523476
1.99341621509
1.99441498895
1.98348702816
1.98225143986
1.97683832478
1.96552188463
1.98041959777
1.97659148407
1.96717121418
1.97050386318
1.9776279887
1.98557707586
1.96965118945
1.9748631861
1.95421471597
1.98393990693
1.98268337953
1.97294385099
1.96679859045
1.97039894042
1.98382989003
1.97174921758
1.96957409124
1.95979861192
1.95327789054
1.92833001944
1.66771390189
1.66771390189
1.80205551986
1.9026333922
1.89407360789
1.55388005325
1.85787489793
1.78790914459
1.78961289587
1.85404260496
1.79301789981
1.77474756443
0.802566778844
1.83831533032
1.78103643918
1.78401985737
1.7608110057
1.73758719118
1.73247413923
1.70950877768
1.71123497796
1.69405354006
1.6847926955
1.67739078359
1.6724267034
1.68017935055
1.64131965176
1.65725147268
1.69076400068
1.70386834613
1.69724993215
1.69454190884
1.67879009349
1.70867853842
1.71139201683
1.69566970756
1.67625492016
1.66931007185
1.66411220396
1.62674833497
1.64489240342
1.64819621068
1.63564441252
1.66138058154
1.6612783495
1.67136126537
1.69146048806
1.65688691828
1.66402639375
1.66908608592
1.6647677765
1.65918722422
1.66640044174
1.67171468252
1.68337380137
1.7096184192
1.70693644749
1.6895340232
1.70140178719
1.67318488288
1.6799293484
1.68728394562
1.66719314779
1.67867641234
1.70018806728
1.71199004143
1.71093262736
1.7032479515
1.69537876992
1.71477384844
1.68319383323
1.69394818863
1.64596414998
1.6954584484
1.68691568899
1.6832509078
1.68735060929
1.69371005913
1.69648118345
1.70158297202
1.68688540606
1.69873108587
1.69752759874
1.66860910547
1.66895636335
1.6703570678
1.66825383655
1.69701739344
1.68127573652
1.71281952717
1.70637637392
1.70050425407
1.67127767904
1.68589086302
1.68725038292
1.69656471413
1.69962545567
1.68515925625
1.68015268394
1.68583503148
1.67250037332
1.6721182547
1.67244730074
1.67561521887
1.6902603051
1.69004684661
1.69594646287
1.66904989432
1.67213431392
1.67208820085
1.67608325376
1.64171019954
1.66085666111
1.67172098037
1.68518454791
1.67702243087
