1.95912683402
2.0068041759
2.03364780034
1.98872687543
1.97723356946
2.01756405417
2.1351639384
2.00727170223
1.99722954607
1.95929306477
1.9548248552
1.96597012524
1.95428289204
1.92544896409
1.92992564738
1.91918117869
1.96019334907
1.96762483968
1.98291837318
1.97001350464
1.99762538711
2.0360183929
2.11672849173
2.07067125559
1.99132983033
1.99070295111
1.9847713648
1.98744346162
2.00857737539
1.98664643938
1.97621087243
1.97229836206
2.0352799334
2.01321628148
2.00054592126
2.00727520504
1.993781169
1.97865320511
1.97378020849
1.99088427054
2.00134953644
1.9801921087
1.97783998129
1.97103547249
1.98475950674
2.01162423293
1.96022800103
1.97005391591
1.97625169744
1.98761447119
2.00818313165
2.01464880769
2.01004751117
2.00073869258
1.98505311759
2.00541617093
2.0031163701
1.99813246852
1.98914529266
1.9823498517
1.99927072862
2.02945989723
1.99524934005
1.98787597167
2.00002881904
1.99458003366
1.9922209046
1.98244945133
1.98146187644
1.98223685574
1.95912898073
2.00212811092
1.97485386819
2.02356117433
2.02014057281
2.01438994952
2.01293818485
2.00122254497
1.99421092726
1.98459950115
1.9912037836
1.98136631911
1.96725735523
1.9454441888
1.93497042244
1.9772261316
1.93553960077
1.96707902061
1.97323965206
1.93668507099
1.95506988256
1.96995618926
1.96660315831
1.94280527017
1.94685398587
1.95471200609
1.95652868463
1.94701586314
1.94742777497
1.0338169451
1.03234352641
1.03638924325
1.03246454258
1.03496879147
1.03136879038
1.0298108243
1.02861544385
1.03091038101
1.02736786999
1.0365896014
1.0335585738
1.0362387416
1.03092227489
1.06140323004
1.05888294418
1.05396404556
1.05218079027
1.04290492844
1.05850621279
1.05730817168
1.05529276225
1.05159091735
1.05361882196
1.0554878392
1.04708965959
1.04452726203
1.04357474639
1.04923658665
1.0423837367
1.04827212378
1.04060870635
1.03802527429
1.03800256213
1.03425552104
1.03510132127
1.04067375956
1.04216771407
1.04162743329
1.04377566635
1.03055706717
1.02668459495
1.03511095747
1.04104422789
1.03157098061
1.03538405533
1.02865543807
1.02576352352
1.01680668242
1.02089252679
1.03020661843
1.02793654808
1.02941789235
1.03220327612
1.02602241753
1.02382918609
1.02379074819
1.01505327567
1.01678547132
1.01550330792
1.01512149773
1.02618277904
1.01377493637
1.01232708043
1.00849293925
1.00741917573
1.0111119009
1.01328246267
1.00367982357
1.00078532946
1.00947713831
1.00784193105
1.00798060513
1.00444909605
1.01469832177
1.00083705534
0.997407240847
1.00143592731
0.999445556435
0.993736635381
1.00486470171
1.00523564266
1.00121891776
0.997984746556
1.00109349241
0.996454102796
1.00022463508
1.00330960781
0.99899415526
1.00047959227
0.99786043892
0.983658783032
0.989193436286
0.997531647051
0.997856334568
1.00788854932
0.985836699206
0.998095430365
1.00274026643
1.00005733513
1.92124198304
0.898613031208
0.88162014575
0.872040610644
0.870628113633
0.872104191295
0.865234841819
0.859241906848
0.861478748477
0.861593104187
0.861850615611
0.861356121728
0.868529627589
0.865054101274
0.862895922496
0.863329954953
0.863024094751
0.863639823477
0.862102717619
0.863928005387
0.862581637986
0.862054308012
0.863243573414
0.86684035905
0.863047074889
0.865724859603
0.863521429781
0.870515268868
0.868231014635
0.870040282994
0.86445948795
0.871348981144
0.8690323705
0.857008861247
0.861751725462
0.85584388568
0.855731855813
0.860774532068
0.860424157972
0.855140525091
0.857032377587
0.858081358367
0.864199448592
0.85817604289
0.864510651242
0.871498813533
0.867353797822
0.86745265772
0.861021839372
0.869849887957
0.869114000611
0.866697908509
0.869289006418
0.869778448968
0.871558629041
0.874059952622
0.870851156305
0.873091278041
0.873152937077
0.871122755088
0.869305523815
0.867111809237
0.870988290624
0.873772643757
0.867423978553
0.873250766085
0.871123664169
0.869809827537
0.873498773946
0.873328404398
0.882289697505
0.871401522134
0.874759258091
0.878645435809
0.874178560704
0.879860200817
0.877538157579
0.884510304879
0.884147678467
0.885115823444
0.883826979999
0.886740792859
0.888229703366
0.886208802482
0.881187567365
0.870401829877
0.864032366082
0.865051651791
0.867517506779
0.865283238026
0.86412661381
0.864972145644
0.864499533119
0.864230182198
0.864175715571
0.860126174644
0.858969761728
0.864490034218
0.867287021458
0.865804908303
0.865573820828
0.211416471023
0.168500302009
0.16668536802
0.14475931644
0.141810522857
0.138768949772
0.133397508818
0.134970750161
0.125944154286
0.115863287551
0.142089444882
0.112502430234
0.104478705364
0.0954842778862
0.0972617519677
0.111127435498
0.112114660047
0.135202315159
0.118074978939
0.120413928359
0.130791421209
0.123410099178
0.134471271196
0.12355706716
0.124662795668
0.123854955685
0.133601329052
0.128463729151
0.142009609478
0.147655256978
0.14906796846
0.146377894761
0.175938412351
0.187874042378
0.212221439039
0.151460880017
0.156520034216
0.140600250561
0.146599210924
0.146725623717
0.150614681538
0.146027159123
0.133216199585
0.143069107335
0.143628219819
0.14031728268
0.144585835048
0.103620192325
0.122863918422
0.119498385285
0.125066323304
0.133886889197
0.12907794765
0.129675227625
0.126156724824
0.133698105045
0.155129143725
0.114062080949
0.127961960238
0.135461987664
0.124913171649
0.159145088821
0.1662370026
0.149754739235
0.150141936964
0.150065824361
0.153987684473
0.148432494414
0.133355478109
0.13835595248
0.145363059606
0.150402555423
0.15934129411
0.171118811047
0.170858806546
0.173199789484
0.184752686073
0.193277914344
0.17803970729
0.179966385131
0.170692822178
0.160437736156
0.177121591675
0.199698752227
0.194797991662
0.183526450079
0.183215115568
0.197422475697
0.159357422005
0.166509711921
0.178223233098
0.187939520328
0.199248728976
0.171263984941
0.166128442993
0.181379919499
0.185588504542
0.183974973862
0.1886115045
0.185117815771
0.199741254837
0.173283413479
0.169550584238
0.175649154634
0.199592663492
0.230504693215
0.192746562365
0.209595433928
0.197066629423
0.195260468729
0.191505323323
0.150525287333
0.175466837151
0.177791748339
0.183132625079
0.156864756773
0.155959067456
0.171312176491
0.203675949002
0.192389695771
0.196543831977
0.185175883601
0.197942563997
0.837566604334
0.833403670248
1.44083881281
1.43678612566
1.53218008131
1.53463675075
1.48863370609
1.10189276841
1.12487839921
1.12317568898
1.12707807665
1.16096606607
1.18534450096
1.15456147305
1.18855354499
1.19259672633
1.16733173218
1.14622151509
1.15329394148
1.16936175171
1.16050880927
1.14630435017
1.15525727106
1.16029130938
1.13705709372
1.13379270999
1.1488678657
1.12233099665
1.08951835803
1.10008489494
1.15143908049
1.16499891265
1.14320821322
1.13359354308
1.16026859474
1.14213603392
1.14848691829
1.11740413425
1.10004958519
1.09685356567
1.07283216699
1.08303934341
1.09274082736
1.10822529384
1.07806582781
1.08674636298
1.07084300118
1.11168507013
1.07242658016
1.08427342065
1.12600235453
1.09679806698
1.11771448077
1.10328391364
1.0719333669
1.08210859314
1.09771882336
1.07573813487
1.0725361357
1.08704590907
1.07171688552
1.08002372935
1.09234813925
1.09616430442
1.09196662868
1.07384810421
1.10696802208
1.07375569191
1.10569784996
1.1502297505
1.14423455626
1.14929416017
1.15172107662
1.14558584346
1.16485774188
1.14848416513
1.21475854469
1.24741504485
1.19856384332
1.20622198431
1.17258705033
1.17762723596
1.17590494933
1.13961779246
1.13586964788
1.16809644737
1.12175967502
1.10828873647
1.08362376437
1.13467210883
1.14265062978
1.15117820699
1.15606338564
1.18696269658
1.15210052725
1.19040465767
1.19496880965
1.19556217494
1.1480800052
1.16404946862
1.1665714873
1.1758017234
1.14678361491
1.19392790906
1.19954013277
1.16799555135
1.17375114286
1.16404729143
1.12559226902
1.14751691536
1.16977877142
1.1947306664
1.4197420542
1.33811363852
1.33991996154
1.37823398244
1.34395310322
1.34634885402
1.34720022004
1.33415634011
1.3281052576
1.33604391406
1.32861388758
1.3439388965
1.3351551114
1.3355459347
1.33789466912
1.33204006636
1.32788726366
1.32984993502
1.3305641358
1.32795400529
1.32286642096
1.32868126297
1.33186035897
1.32644847259
1.32313675076
1.32451920981
1.33235796598
1.32296383113
1.32411157137
1.32300045215
1.32521374974
1.32114021037
1.32155482756
1.32365825667
1.32162729807
1.32804711531
1.31593975259
1.32547064504
1.33100439174
1.31946191832
1.31183016635
1.3073126074
1.31656573662
1.30550831526
1.31754939047
1.31642642836
1.3174868629
1.31796960932
1.31354635768
1.31461906264
1.31485807516
1.30762947738
1.30587622749
1.31593954738
1.31578675793
1.30746956254
1.24778753506
1.27076641282
1.27045372943
1.26878440047
1.23604537246
1.27284449643
1.24627161709
1.26025136198
1.26757188454
1.26405842926
1.22677818883
1.25147974745
1.25406450095
1.25304438168
1.26419622579
1.27131927938
1.25516879757
1.27171046512
1.2580161468
1.27592750398
1.27649984034
1.25996037885
1.26043853417
1.26195578044
1.24520193555
1.24372813234
1.23956056283
1.26373385784
1.27698816171
1.26694799546
1.25803413344
1.27691295827
1.26484211966
1.2803814344
1.26116198196
1.26658748021
1.26876493133
1.26198235634
1.25718511393
1.29141610005
1.26036710983
1.2720722178
1.24138596361
1.25682042766
1.26105112345
1.29021771528
1.60825848643
1.62040719845
1.63248245466
1.63411018202
1.62750819776
1.62724934078
1.62516174496
1.630009617
1.63335284492
1.63506797816
1.63634103012
1.63404867412
1.63477823221
1.63696546497
1.6370402741
1.6385651563
1.63562954997
1.6422126417
1.69524572825
1.69415339553
1.70723931539
1.70404101867
1.69658989304
1.68909991221
1.68687040582
1.68871517662
1.68932238917
1.68286403131
1.68416601088
1.6844852836
1.68620767993
1.68829756134
1.68832973586
1.68532568175
1.68641384714
1.68645455929
1.68322594347
1.68610785568
1.68679628216
1.68627503153
1.68744257444
1.68702694697
1.68741145104
1.68762373949
1.68698013713
1.68798035158
1.6859808029
1.68450786049
1.68319003115
1.68390113542
1.68358031082
1.68209086325
1.68306359861
1.68087902387
1.67758651079
1.67777216263
1.67826381604
1.67674279584
1.6750305616
1.67433788689
1.67457985558
1.67701643798
1.67509227974
1.67056048912
1.66884604157
1.6701557108
1.66701199063
1.66955624917
1.67013635593
1.66911586108
1.66925924161
1.67408608414
1.67213510484
1.6690969375
1.6708280319
1.67297211833
1.67142559855
1.67125989075
1.67399827247
1.67210809975
1.67361891067
1.67284153267
1.67315691946
1.67433063627
1.67095110034
1.66334873667
1.6659150617
1.66982153075
1.67198659424
1.67218489145
1.67046159888
1.67142168138
1.67226505173
1.67240634408
1.67229923016
1.67307324276
1.67185667408
1.66969919619
1.67161232157
1.66986210765
1.66571189025
1.66359323661
1.66495016626
1.6681516212
1.66613762553
1.66654251394
1.66694173219
1.66767635198
1.66895519203
1.6714762914
1.66995998673
1.67079398811
2.15985974719
2.15912023375
1.53271424811
1.5700735343
1.61874251205
1.66711130325
1.65592297283
1.63683037998
1.62726798312
1.60238712472
1.60358423679
1.77221954728
1.64015274372
1.63754401621
1.63326578532
1.64915068658
1.64957254211
1.65249202704
1.61228705252
1.63411285948
1.63054219284
1.63378555761
1.63921078226
1.62455572707
1.66078233056
1.63647223316
1.63394973587
1.61924781267
1.6430473497
1.66494846336
1.62462799021
1.63892906639
1.63877352861
1.63934373002
1.65695689032
1.63427984517
1.66125928308
1.64627420165
1.64827556261
1.63575264788
1.6373728645
1.62153391709
1.64192642994
1.6571905255
1.64890858093
1.65620765844
1.62942525141
1.60543537709
1.61320122262
1.63731793066
1.62330661539
1.63996786099
1.62586259331
1.63030458804
1.61958872228
1.615358211
1.62221697397
1.60680802814
1.61334523401
1.61292357583
1.62041218242
1.61515422939
1.60327262633
1.57690870709
1.56214139968
1.57912867068
1.56765000868
1.56119607999
1.57125027306
1.57580397643
1.57968223468
1.59659162909
1.58269142032
1.58554209707
1.58179028696
1.57275318362
1.57362297242
1.60142523476
1.59341621509
1.59441498895
1.58348702816
1.58225143986
1.57683832478
1.56552188463
1.58041959777
1.57659148407
1.56717121418
1.57050386318
1.5776279887
1.58557707586
1.56965118945
1.5748631861
1.55421471597
1.58393990693
1.58268337953
1.57294385099
1.56679859045
1.57039894042
1.58382989003
1.57174921758
1.56957409124
1.55979861192
1.55327789054
1.52833001944
1.26771390189
1.40205551986
1.5026333922
1.49407360789
1.15388005325
1.45787489793
1.38790914459
1.38961289587
1.45404260496
1.39301789981
1.37474756443
0.402566778844
1.43831533032
1.38103643918
1.38401985737
1.3608110057
1.33758719118
1.33247413923
1.30950877768
1.31123497796
1.29405354006
1.2847926955
1.27739078359
1.2724267034
1.28017935055
1.24131965176
1.25725147268
1.29076400068
1.30386834613
1.29724993215
1.29454190884
1.27879009349
1.30867853842
1.31139201683
1.29566970756
1.27625492016
1.26931007185
1.26411220396
1.22674833497
1.24489240342
1.24819621068
1.23564441252
1.26138058154
1.2612783495
1.27136126537
1.29146048806
1.25688691828
1.26402639375
1.26908608592
1.2647677765
1.25918722422
1.26640044174
1.27171468252
1.28337380137
1.3096184192
1.30693644749
1.2895340232
1.30140178719
1.27318488288
1.2799293484
1.28728394562
1.26719314779
1.27867641234
1.30018806728
1.31199004143
1.31093262736
1.3032479515
1.29537876992
1.31477384844
1.28319383323
1.29394818863
1.24596414998
1.2954584484
1.28691568899
1.2832509078
1.28735060929
1.29371005913
1.29648118345
1.30158297202
1.28688540606
1.29873108587
1.29752759874
1.26860910547
1.26895636335
1.2703570678
1.26825383655
1.29701739344
1.28127573652
1.31281952717
1.30637637392
1.30050425407
1.27127767904
1.28589086302
1.28725038292
1.29656471413
1.29962545567
1.28515925625
1.28015268394
1.28583503148
1.27250037332
1.2721182547
1.27244730074
1.27561521887
1.2902603051
1.29004684661
1.29594646287
1.26904989432
1.27213431392
1.27208820085
1.27608325376
1.24171019954
1.26085666111
1.27172098037
1.28518454791
1.27702243087
2.49738178975
2.49392863197
2.49219219298
2.01722178022
2.08066048421
1.03037504882
