0.715492219427
0.722306638755
0.723183776198
0.726697349878
0.721177642382
0.721361705295
0.730845316677
0.725975966897
0.726497876565
0.726317152119
0.720686688482
0.726704944161
0.730979676424
0.735282419596
0.73235122554
0.718660063986
0.718924507233
0.707679796427
0.706900651202
0.706921424961
0.692737641498
0.700184714238
0.693647259493
0.701861808412
0.702491236885
0.703923584765
0.693872278447
0.694839625924
0.686413096121
0.682112504902
0.684146123543
0.683861806701
0.663670379851
0.655302930839
0.641571280595
0.681701304107
0.681301822867
0.682610992738
0.677605746748
0.683540240726
0.682704382749
0.675820908643
0.684763852106
0.677211570717
0.678620894663
0.676300815221
0.675178529247
0.711793144053
0.699577335176
0.694106858799
0.688036482679
0.684422914778
0.683868975167
0.685314729945
0.685668317299
0.682423974319
0.662860287011
0.693300600579
0.685583415343
0.677507899562
0.682887681752
0.658240162928
0.649958330521
0.678352513435
0.673204815999
0.665849296725
0.665741185374
0.665461406786
0.68164184859
0.679992155094
0.667574170658
0.665962995355
0.659365532938
0.644559816973
0.646625528463
0.649996668237
0.636999429228
0.633858337884
0.639029578637
0.638860822496
0.657047012242
0.658719181905
0.645964050349
0.630511523963
0.636813645349
0.645574281992
0.642170366803
0.631761517988
0.656792467204
0.652618800065
0.639434657316
0.634463747761
0.62836708398
0.643914618943
0.650436533551
0.641463457593
0.635717363221
0.635736179722
0.631579209559
0.631467621132
0.623464597454
0.646419580525
0.643791551512
0.638522733077
0.624755824621
0.607884993759
0.627904419564
0.618580881372
0.625195308684
0.625605851955
0.633572692856
0.65663613549
0.63756137286
0.635844531089
0.633260006593
0.651023692582
0.655574617622
0.643591519838
0.618891975832
0.625259421751
0.62100700034
0.629716736236
0.623056971839
0.216917650978
0.214834294327
0.0339133175989
0.0337262893828
0.0147967166014
0.0110580439099
0.0224373293896
0.117632703396
0.112176469867
