0.980975379281
0.988766004562
0.989674617121
0.993832686077
0.988756299656
0.988914165943
0.99797331708
0.993319616692
0.99394311805
0.994194503672
0.988397347804
0.994817811115
0.999382175598
1.0035444584
1.00060736925
0.987255557963
0.987097302574
0.975830992467
0.97568652101
0.975590026324
0.961856387012
0.969126085614
0.962496934482
0.970594162976
0.97120372434
0.972483410027
0.962570843685
0.96348516903
0.955353179742
0.951109049198
0.953201585754
0.95274740041
0.932567503317
0.924293536137
0.91043070208
0.950500121041
0.949553838257
0.951233327554
0.946448874318
0.95163509794
0.950687105989
0.944053960816
0.952826816149
0.945524439495
0.946749299381
0.944563244464
0.943333786379
0.979520639632
0.967164206896
0.962344506566
0.9564206193
0.952766008523
0.951925339635
0.953244478564
0.953872255909
0.950583149233
0.931522480607
0.961337386716
0.95373692574
0.945716699022
0.951052169048
0.926863442148
0.918649095502
0.946684375499
0.941274267292
0.934128853715
0.933869929058
0.933959664951
0.949540069811
0.947768594925
0.935954848155
0.934167440855
0.927632105551
0.913503140472
0.915396323725
0.918233696687
0.906091125071
0.902913508409
0.907876496939
0.907616343217
0.926046400296
0.927430743197
0.914982646923
0.899671512898
0.905560839543
0.914263588666
0.910590383992
0.90095874759
0.925295552291
0.921182066106
0.909061841034
0.904348186427
0.89811918178
0.913139507409
0.919708944433
0.910632472381
0.904675318963
0.904866334019
0.900948475807
0.900895520513
0.892901856512
0.915424405011
0.912684882334
0.9076707947
0.893988886935
0.877194551823
0.897184980665
0.887931642588
0.894589200443
0.895020268318
0.902623691729
0.925374260006
0.907080720374
0.905313340281
0.902821799541
0.920424087248
0.924846464208
0.912804230576
0.888628062029
0.894894990293
0.890771701754
0.899197921895
0.89259793229
