0.770042633675
1.02591861397
0.973468886265
0.92840244074
0.921175791054
0.888857746527
0.994415002532
0.959170683578
0.927038988963
0.907643577432
0.897780991409
0.894110625335
0.887500112506
0.849065594283
0.859030992553
0.834719893692
0.95862173683
0.989865468578
0.989849778435
0.951861406119
0.937779134082
0.90913419806
0.935960767496
0.914468541251
0.908377085756
0.908894826292
0.901950784158
0.903294258817
0.962374464496
0.934524467919
0.913572279708
0.913027151599
1.0242691605
0.98704754471
0.949482009917
0.956126547862
0.935831389715
0.921487520253
0.902211493489
0.959552055792
0.97916862046
0.946359671017
0.932024438616
0.920285590194
0.959981277229
0.976100321675
0.913363511139
0.907039779689
0.943045784154
0.947254477938
1.00814402355
0.997321728391
0.992129915183
0.97022064149
0.952827055966
0.998890528796
0.998105498027
0.975209780085
0.964018411879
0.954573584336
0.998393603434
1.04851409411
0.995212464331
0.986033890483
1.02109139937
1.00064679509
0.991098347873
0.981933596403
0.970567079898
0.964230468896
0.978624405797
1.04384927548
1.00342345659
1.0713338236
1.05498049487
1.0283864108
1.04034309796
1.02803372351
1.01986178407
1.00741407825
1.02039260663
1.0128478198
1.00524262232
1.00871589705
0.984169221305
0.988617089176
0.991835775188
1.00280295854
1.01693035139
1.00758648826
1.00246409435
1.03538252886
1.00673428758
1.00344956216
1.00661523521
1.00670192262
1.00602525313
1.00709213586
0.992344438509
1.51390802461
1.51321251382
1.50766204226
1.5002347467
1.50314083968
1.51590666863
1.51550492889
1.52200337966
1.51529935274
1.51578261598
1.50732369072
1.50245119169
1.50557799933
1.50652595818
1.53225308016
1.53189928727
1.52543736728
1.52240587508
1.53053932883
1.5326864037
1.52745389189
1.53073690372
1.52800666248
1.52458721062
1.51360158608
1.51103441
1.51210229292
1.51248537907
1.50960497339
1.51200955527
1.50088897801
1.51450216139
1.5158413054
1.5152404979
1.51376222059
1.51540017644
1.5022366954
1.51292743547
1.4966796514
1.49874313028
1.5030713926
1.50607460603
1.50277599226
1.48877522065
1.49528836648
1.49531441049
1.49114273688
1.48550296585
1.48366419041
1.47910317823
1.48084749908
1.48595458667
1.47467144289
1.48580688006
1.49335087314
1.48388288391
1.47754987225
1.48246430918
1.47284321354
1.46833935697
1.46608881562
1.47631762978
1.46504148641
1.46978563466
1.45181618362
1.45945881798
1.46803836653
1.44788846164
1.44039498389
1.44016523378
1.45305408465
1.43298731241
1.44185769671
1.44869423738
1.42850720635
1.44271396175
1.42524336163
1.40501801554
1.4007296692
1.42867122366
1.44479262903
1.45116899906
1.43526046885
1.40356378087
1.43802853864
1.43100364017
1.45016946137
1.42138706725
1.41128941837
1.41427681758
1.3959663538
1.43060125484
1.41315247681
1.42050760286
1.41380950253
1.39880696504
1.41638985096
1.42048657341
1.41815236962
1.40302324433
0.811100681925
1.72637747347
1.71606868975
1.66986734895
1.65045273949
1.62467379473
1.59863117577
1.58701791657
1.58963606087
1.58423241382
1.58836625126
1.58593517208
1.59487326532
1.59008923265
1.58919401869
1.57340466787
1.57606993348
1.57448527013
1.5651716037
1.56388881586
1.55016101345
1.5694106755
1.5525706302
1.5567673218
1.52834123503
1.5309631455
1.52285924037
1.53613254161
1.52072869147
1.5114731917
1.51673423205
1.50735794801
1.49747016768
1.52522822021
1.50732315549
1.50568495963
1.50156310144
1.48364721952
1.49202040272
1.48168595149
1.48636324249
1.47952792507
1.47756454856
1.48952125026
1.47841502765
1.48137479453
1.47791465416
1.48091370019
1.50526112768
1.48031042893
1.47507203035
1.47969012499
1.48476433762
1.48363954471
1.47670965724
1.47814964772
1.49152498229
1.477171141
1.47664906212
1.47289069486
1.46874992392
1.4806363135
1.47261708413
1.46832280821
1.47368464641
1.47126182592
1.46920485977
1.46736698884
1.46603713183
1.46952177071
1.47299891647
1.46912835281
1.470254351
1.46911671834
1.46940479635
1.46917451577
1.46697849067
1.46400175655
1.46955974777
1.46779582833
1.46719352267
1.47043392004
1.47258914338
1.46888737581
1.46735820535
1.4592165861
1.45014916297
1.45057172124
1.44751805058
1.44666314209
1.44657990137
1.44417457521
1.44102188015
1.44103377341
1.43947528047
1.43396205671
1.42959726882
1.43683797716
1.439430635
1.43468374121
1.43043284741
1.6999757399
1.68089977373
1.68106631218
1.66839500473
1.65930471482
1.65934535205
1.66876972719
1.65714583976
1.65814927938
1.64913575924
1.66790250251
1.65744659182
1.65617998806
1.65296655901
1.64549003267
1.63752535976
1.63950410241
1.64314492778
1.63014766824
1.63236384834
1.60794195826
1.62197787621
1.62340233331
1.62625235517
1.62594834341
1.62729334856
1.62641388745
1.61721482401
1.61245961377
1.60600955896
1.60823485155
1.60917615895
1.60085278149
1.59958720139
1.60516779737
1.60824950255
1.617928518
1.60373783615
1.60336990721
1.61043064349
1.61271507507
1.58829458056
1.58949878936
1.57914298179
1.58324904987
1.58230536954
1.58045691699
1.60293848525
1.58190917753
1.56642830352
1.56051094529
1.55971241244
1.57401145475
1.57795418277
1.56131099886
1.56014840771
1.54001424823
1.57509852514
1.56536888215
1.56128567022
1.56133450716
1.54403269189
1.533392411
1.60738957294
1.60081509234
1.5742785007
1.58671990576
1.57203789994
1.58957665874
1.58924210064
1.55727215763
1.56031043584
1.56355897554
1.53806422307
1.54006628367
1.56056822826
1.52632061737
1.52101328529
1.54484745909
1.54514050381
1.55313895288
1.56067453665
1.54167039507
1.54388817059
1.55847660723
1.54903714325
1.54433845462
1.51982130546
1.55218902673
1.54782299186
1.52935374305
1.52817501315
1.52158027606
1.53362401802
1.53739163508
1.52997544592
1.53187180752
1.52715616044
1.52265381664
1.52192339478
1.51519175289
1.52279889644
1.53984734806
1.53081436236
1.51876782908
1.50636327237
1.51885441583
1.5110762032
1.51394790913
1.51495630349
1.51905241487
1.54772372281
1.52186202082
1.52934384182
1.51855416213
1.55656987509
1.55725623455
1.53122152615
1.5154877638
1.52044398474
1.52112044485
1.53181941841
1.52303593832
1.45402004281
1.43326256863
1.84522868246
1.83665539017
1.88922621969
1.8819741021
1.86968248006
1.67858203484
1.68272718609
1.65409520683
1.66586949699
1.68644530643
1.69145118882
1.69108201359
1.69069387285
1.69270176166
1.67489404461
1.65832342796
1.66295127269
1.68259231205
1.66223956616
1.6407652366
1.65312485273
1.67525887333
1.65021877928
1.680352147
1.67901955984
1.66632005528
1.6462346428
1.64857054145
1.67033681756
1.67083056339
1.65777885743
1.6532290804
1.66417698727
1.65501976768
1.65217004649
1.63105497509
1.63565471069
1.62598017412
1.62224312998
1.61749981011
1.61706824599
1.6227339084
1.59655642738
1.60048707479
1.57712570654
1.5972525336
1.57641844088
1.5784891966
1.57752163316
1.56417928116
1.57291394928
1.5729135143
1.56306936277
1.56667405193
1.56477420289
1.56253457797
1.56160756056
1.57899645319
1.56142692844
1.57008111427
1.56817758968
1.56765918513
1.56092934668
1.55620930373
1.57032717529
1.5467144943
1.55828867988
1.57757142213
1.57531913649
1.57699771174
1.57489436268
1.57742114771
1.63670426992
1.61582335528
1.62271466046
1.63606536987
1.60605126848
1.60651801682
1.60213599622
1.61153894252
1.6266350261
1.58490475307
1.61356259918
1.64359628566
1.58225357579
1.5673733514
1.55810309383
1.57689258011
1.60322111745
1.60889545246
1.60647397171
1.59928334482
1.5932336142
1.60634523665
1.60865140009
1.61261920376
1.58016865131
1.59902911129
1.58616619991
1.58858751777
1.58116322854
1.59464259839
1.59767237765
1.58015390451
1.58178984827
1.57590042911
1.56029694805
1.57518685622
1.57696419928
1.59845897104
0.885571347121
0.978252977955
0.987266604848
0.933990814712
0.968164335314
0.945620460549
0.92069934641
0.989990251957
0.987833469808
0.975463137595
0.966637240412
0.985293921095
1.00833525741
0.996474614138
0.995700852845
0.983410742509
0.994261911874
0.99673002828
0.984678092174
0.995436607967
0.973375980296
0.986566075263
0.986715910776
0.970026437404
0.987108251598
0.978087830996
0.970860094634
0.981085859306
0.976648795163
0.933651686475
0.953428160757
0.962553022987
0.951176163729
0.950498619989
1.00309650181
0.998685431269
0.994442888596
0.991018098127
1.00294502713
0.99560552576
0.991935581477
0.992201547875
0.983974958572
0.97449371722
0.975383100627
0.973459410148
0.976493894447
0.968361393399
0.967451748188
0.955423832971
0.986166977757
0.972515669194
0.985624461192
0.979201155284
0.971471623119
0.960038182414
0.983923507466
0.97834611662
0.977787110178
0.971717753555
0.971802581343
0.975572545732
0.967958298283
0.958637733574
0.950591405702
0.966961886477
0.977174646917
0.961311107864
0.944965321396
0.941462450011
0.991290906588
0.978856094366
0.965436470644
0.941337369308
0.945841324422
0.951070330996
0.992397088075
0.971356459673
0.94957848841
0.95856812666
0.924907120781
0.933715275753
0.918928145516
0.912083334399
0.92883073363
0.920917725699
0.915616817827
0.903932883654
0.944821696988
0.895639461252
0.892787814958
0.902515953845
0.919292203815
0.8887296687
0.891015471728
0.910012503678
0.884204659558
0.859990384295
0.891807878577
0.877511143719
0.887045999002
0.858851610163
0.35415866125
0.36531030235
0.377404637806
0.377874763482
0.368250914661
0.368067801898
0.365069547227
0.372715973213
0.375105925918
0.377591614467
0.379280321056
0.377079597946
0.377424929748
0.380587596041
0.383770172815
0.386133743988
0.387468113169
0.392223590491
0.39165112442
0.388319562174
0.413325267511
0.398956182158
0.387452864506
0.378335027597
0.377219424633
0.380840446435
0.382059462389
0.372683140648
0.372373754633
0.374993589818
0.37759247413
0.380905427937
0.381664968991
0.372811145702
0.377174846121
0.377623913529
0.370118334953
0.374699800376
0.377200511361
0.375442936019
0.377519042114
0.378168032842
0.377611695034
0.379057249038
0.379369703881
0.379603437534
0.378394904435
0.373919551124
0.375606184388
0.373821702081
0.376232452377
0.376786891178
0.373285276424
0.372385186581
0.367919606909
0.366802501732
0.367038728097
0.370431107479
0.372976164383
0.369944766271
0.367628297789
0.373901352744
0.37448091314
0.36198477189
0.358244002115
0.362222536257
0.359842129728
0.363650880447
0.362926892855
0.363136125201
0.362168833748
0.35331709152
0.363293943581
0.362982326618
0.366168818495
0.369755930165
0.36815993227
0.368148420194
0.369159087157
0.369041865062
0.367857273144
0.365497048938
0.368081544537
0.370154955348
0.367207800922
0.353096472156
0.35361842294
0.361600523326
0.366112706031
0.364109847942
0.364053914504
0.363344197514
0.3632665577
0.361054093425
0.361969497265
0.365814886745
0.364402245901
0.360233940466
0.360801028466
0.361249179613
0.353043914122
0.347945077128
0.353314291837
0.353640525111
0.353028685162
0.357559626968
0.357985538421
0.357988780088
0.359139633229
0.36173447052
0.364594389466
0.365776224842
1.16772149707
1.16777809301
1.62959208762
1.65116701188
1.68192762317
1.716001161
1.70620984688
1.69227854221
1.68589336234
1.66608919168
1.66777384664
1.78331057374
1.69185858508
1.68890610471
1.68379749327
1.694761175
1.68117607239
1.68867380968
1.66509301803
1.66971032557
1.67761308711
1.67134994983
1.67347881843
1.6609808227
1.69779142164
1.68057588647
1.679857275
1.66819157052
1.68267053651
1.6942887769
1.66223547659
1.68188027718
1.68099558454
1.67610612282
1.68352070624
1.66727286403
1.68604096179
1.66850601834
1.6788328473
1.65888330723
1.67211562738
1.64505842062
1.67203989303
1.67326520583
1.67991202731
1.68092281514
1.66644982542
1.6172216911
1.64038224479
1.66326629694
1.63736979296
1.64306811586
1.64936642981
1.63357269928
1.63031544338
1.64002434682
1.63892608254
1.60738724393
1.57977868925
1.59001750339
1.62379045927
1.58748665827
1.58382090769
1.55846797134
1.53473098246
1.5596433526
1.52211218612
1.54299928139
1.53341742108
1.53779469254
1.60052964858
1.60166268772
1.56493875813
1.55100654078
1.53246034209
1.53183841112
1.55436226632
1.53815219144
1.57324802285
1.54344707578
1.57603163825
1.55185023233
1.52928534004
1.52631254836
1.53674588139
1.53784383401
1.55869245871
1.52711113537
1.51748685464
1.54144406798
1.52978281091
1.52004081872
1.51627185786
1.56005212571
1.5219960598
1.56877312179
1.51877134038
1.52270056725
1.53798083465
1.50567429597
1.51016479522
1.50432368087
1.50196574476
1.4945050158
1.64010436699
1.46730392554
1.49107545539
1.51259353409
1.32667725205
1.66328605115
1.61706223869
1.53525726079
1.52232876008
1.58985625584
1.40575876639
1.582400542
1.65992520902
1.51201762485
1.55652891483
1.54178018259
1.52362692253
1.51166771253
1.49869676566
1.49952215011
1.4800033165
1.48056248703
1.48077897968
1.47783719845
1.4811603369
1.45840667759
1.46505291621
1.48304710746
1.47749041039
1.48971078897
1.48845227838
1.46755593588
1.48861571661
1.48540983429
1.48500475514
1.46635007575
1.47175316558
1.46953829825
1.4454504113
1.4612608901
1.46161599514
1.44388244894
1.45643106899
1.46308161495
1.45634652457
1.50455654998
1.49174397877
1.49495897014
1.48702576554
1.47829134975
1.55244719749
1.49316434056
1.49578245068
1.50180892644
1.51648117
1.50806410378
1.49694400647
1.49864694248
1.48253617791
1.4828873562
1.49590034114
1.48011265979
1.49124802109
1.501828082
1.50264503869
1.50661892058
1.50318266846
1.48337170484
1.4893839495
1.48183712251
1.50100641066
1.47632756227
1.5007240294
1.48408947312
1.49018105177
1.49586337294
1.49866974021
1.49363316674
1.49523509809
1.48906071896
1.4961141141
1.50434893733
1.49826491017
1.49557682317
1.49513445935
1.48710736828
1.49315519125
1.49171198598
1.50771957634
1.50758578434
1.49717768572
1.48710223018
1.5035023146
1.50568759271
1.50945414197
1.5111945623
1.50211204791
1.49252392407
1.49869025749
1.48863681558
1.5025499262
1.49808823083
1.49597717337
1.49783069705
1.49829588132
1.49837387468
1.48821552368
1.48928791831
1.48855811082
1.49470277594
1.47456116253
1.48242928714
1.48792242388
1.49454135949
1.48343649156
1.47571004883
1.47617089593
1.47687692268
0.803244144199
0.782141195016
1.54195906928
