0.655813613592
0.654983462301
0.652074943124
0.651977313929
0.655139107728
0.655169122063
0.656439961919
0.653645300377
0.653239574929
0.652389942898
0.651705200576
0.652449534985
0.652459940758
0.651181176867
0.649809957826
0.648684384296
0.647400913121
0.646235483048
0.659089391841
0.661640813052
0.651384415396
0.658874998643
0.661324936976
0.663936479463
0.664867887806
0.664594958674
0.66396449801
0.666742415194
0.665729937107
0.666089466405
0.664967116844
0.663705730305
0.663380671553
0.664937069749
0.66480477691
0.66476487321
0.666605336427
0.665006123853
0.664141815203
0.664175073833
0.663864746059
0.663894226821
0.664353214901
0.664210855625
0.66402302935
0.663581925695
0.663810438494
0.66465966716
0.663955517999
0.664231438367
0.664689892505
0.663925068602
0.665087864421
0.666104048525
0.666785717303
0.666668520885
0.668051242482
0.664836491842
0.664016516318
0.665596419079
0.665225368016
0.663634850737
0.663027745473
0.667350610219
0.669347964959
0.668096171614
0.668408310587
0.668829185174
0.668664902505
0.666992886707
0.666839066221
0.674851694706
0.667850386915
0.66707751222
0.666509555749
0.665702238557
0.666379811788
0.666094590168
0.666550070372
0.666435288166
0.666637239372
0.666991162122
0.666384126227
0.666182669841
0.667195887195
0.670723763758
0.67104605238
0.669196979095
0.666429585208
0.667180822722
0.667635124376
0.667726614511
0.667909236326
0.668926662973
0.667994175752
0.666970036804
