0.59137977826
0.59062383435
0.587329367123
0.58728998031
0.590759325793
0.590804356849
0.592159214801
0.589119218971
0.588604046302
0.58769257389
0.586953711582
0.587770547909
0.587782464967
0.586419862205
0.585091248039
0.583828784024
0.582489965441
0.581263578712
0.59518656519
0.597899673146
0.587172408768
0.594776548712
0.597129708542
0.600024437948
0.601159222659
0.601024705206
0.600362326162
0.603406722688
0.60211925656
0.602725283944
0.60149955383
0.600200257662
0.599890450271
0.601147008237
0.601296174684
0.601286840652
0.602998732564
0.601330613379
0.600507304646
0.60043089004
0.600161961934
0.600290676424
0.600774650834
0.600679297004
0.600548738205
0.599978747554
0.600197651305
0.601000931867
0.600261888744
0.600453523927
0.601231040204
0.600335215065
0.601454098744
0.602670229154
0.603210615856
0.602957767688
0.604393390488
0.601056504629
0.600300712525
0.6020105117
0.601381300852
0.599892364283
0.599238432696
0.60356984399
0.605702555472
0.604445313368
0.604760774674
0.605470569363
0.605207318446
0.603262169756
0.602983835564
0.610865997139
0.604217663771
0.603346441145
0.602892913406
0.602103238759
0.602863428651
0.602502850212
0.603029985182
0.602943906327
0.603037192918
0.603306892733
0.602766700595
0.602633490512
0.603749530914
0.607045322822
0.607407566407
0.605729925158
0.6026909938
0.603444829469
0.604059648328
0.604075300064
0.604255014242
0.605364261252
0.604283419556
0.603302642199
0.604220816862
0.605522721339
0.60437237071
0.60549609804
0.607416553101
0.610369881693
0.60935704514
