0.970042633675
1.22591861397
1.17346888627
1.12840244074
1.12117579105
1.08885774653
1.19441500253
1.15917068358
1.12703898896
1.10764357743
1.09778099141
1.09411062533
1.08750011251
1.04906559428
1.05903099255
1.03471989369
1.15862173683
1.18986546858
1.18984977844
1.15186140612
1.13777913408
1.10913419806
1.1359607675
1.11446854125
1.10837708576
1.10889482629
1.10195078416
1.10329425882
1.1623744645
1.13452446792
1.11357227971
1.1130271516
1.2242691605
1.18704754471
1.14948200992
1.15612654786
1.13583138972
1.12148752025
1.10221149349
1.15955205579
1.17916862046
1.14635967102
1.13202443862
1.12028559019
1.15998127723
1.17610032168
1.11336351114
1.10703977969
1.14304578415
1.14725447794
1.20814402355
1.19732172839
1.19212991518
1.17022064149
1.15282705597
1.1988905288
1.19810549803
1.17520978009
1.16401841188
1.15457358434
1.19839360343
1.24851409411
1.19521246433
1.18603389048
1.22109139937
1.20064679509
1.19109834787
1.1819335964
1.1705670799
1.1642304689
1.1786244058
1.24384927548
1.20342345659
1.2713338236
1.25498049487
1.2283864108
1.24034309796
1.22803372351
1.21986178407
1.20741407825
1.22039260663
1.2128478198
1.20524262232
1.20871589705
1.1841692213
1.18861708918
1.19183577519
1.20280295854
1.21693035139
1.20758648826
1.20246409435
1.23538252886
1.20673428758
1.20344956216
1.20661523521
1.20670192262
1.20602525313
1.20709213586
1.19234443851
1.71390802461
1.71321251382
1.51321251382
1.50766204226
1.5002347467
1.50314083968
1.51590666863
1.51550492889
1.52200337966
1.51529935274
1.51578261598
1.50732369072
1.50245119169
1.50557799933
1.50652595818
1.53225308016
1.53189928727
1.52543736728
1.52240587508
1.53053932883
1.5326864037
1.52745389189
1.53073690372
1.52800666248
1.52458721062
1.51360158608
1.51103441
1.51210229292
1.51248537907
1.50960497339
1.51200955527
1.50088897801
1.51450216139
1.5158413054
1.5152404979
1.51376222059
1.51540017644
1.5022366954
1.51292743547
1.4966796514
1.49874313028
1.5030713926
1.50607460603
1.50277599226
1.48877522065
1.49528836648
1.49531441049
1.49114273688
1.48550296585
1.48366419041
1.47910317823
1.48084749908
1.48595458667
1.47467144289
1.48580688006
1.49335087314
1.48388288391
1.47754987225
1.48246430918
1.47284321354
1.46833935697
1.46608881562
1.47631762978
1.46504148641
1.46978563466
1.45181618362
1.45945881798
1.46803836653
1.44788846164
1.44039498389
1.44016523378
1.45305408465
1.43298731241
1.44185769671
1.44869423738
1.42850720635
1.44271396175
1.42524336163
1.40501801554
1.4007296692
1.42867122366
1.44479262903
1.45116899906
1.43526046885
1.40356378087
1.43802853864
1.43100364017
1.45016946137
1.42138706725
1.41128941837
1.41427681758
1.3959663538
1.43060125484
1.41315247681
1.42050760286
1.41380950253
1.39880696504
1.41638985096
1.42048657341
1.41815236962
1.40302324433
0.811100681925
1.06110068192
1.97637747347
1.96606868975
1.91986734895
1.90045273949
1.87467379473
1.84863117577
1.83701791657
1.83963606087
1.83423241382
1.83836625126
1.83593517208
1.84487326532
1.84008923265
1.83919401869
1.82340466787
1.82606993348
1.82448527013
1.8151716037
1.81388881586
1.80016101345
1.8194106755
1.8025706302
1.8067673218
1.77834123503
1.7809631455
1.77285924037
1.78613254161
1.77072869147
1.7614731917
1.76673423205
1.75735794801
1.74747016768
1.77522822021
1.75732315549
1.75568495963
1.75156310144
1.73364721952
1.74202040272
1.73168595149
1.73636324249
1.72952792507
1.72756454856
1.73952125026
1.72841502765
1.73137479453
1.72791465416
1.73091370019
1.75526112768
1.73031042893
1.72507203035
1.72969012499
1.73476433762
1.73363954471
1.72670965724
1.72814964772
1.74152498229
1.727171141
1.72664906212
1.72289069486
1.71874992392
1.7306363135
1.72261708413
1.71832280821
1.72368464641
1.72126182592
1.71920485977
1.71736698884
1.71603713183
1.71952177071
1.72299891647
1.71912835281
1.720254351
1.71911671834
1.71940479635
1.71917451577
1.71697849067
1.71400175655
1.71955974777
1.71779582833
1.71719352267
1.72043392004
1.72258914338
1.71888737581
1.71735820535
1.7092165861
1.70014916297
1.70057172124
1.69751805058
1.69666314209
1.69657990137
1.69417457521
1.69102188015
1.69103377341
1.68947528047
1.68396205671
1.67959726882
1.68683797716
1.689430635
1.68468374121
1.68043284741
1.9499757399
2.0999757399
2.08089977373
2.08106631218
2.06839500473
2.05930471482
2.05934535205
2.06876972719
2.05714583976
2.05814927938
2.04913575924
2.06790250251
2.05744659182
2.05617998806
2.05296655901
2.04549003267
2.03752535976
2.03950410241
2.04314492778
2.03014766824
2.03236384834
2.00794195826
2.02197787621
2.02340233331
2.02625235517
2.02594834341
2.02729334856
2.02641388745
2.01721482401
2.01245961377
2.00600955896
2.00823485155
2.00917615895
2.00085278149
1.99958720139
2.00516779737
2.00824950255
2.017928518
2.00373783615
2.00336990721
2.01043064349
2.01271507507
1.98829458056
1.98949878936
1.97914298179
1.98324904987
1.98230536954
1.98045691699
2.00293848525
1.98190917753
1.96642830352
1.96051094529
1.95971241244
1.97401145475
1.97795418277
1.96131099886
1.96014840771
1.94001424823
1.97509852514
1.96536888215
1.96128567022
1.96133450716
1.94403269189
1.933392411
2.00738957294
2.00081509234
1.9742785007
1.98671990576
1.97203789994
1.98957665874
1.98924210064
1.95727215763
1.96031043584
1.96355897554
1.93806422307
1.94006628367
1.96056822826
1.92632061737
1.92101328529
1.94484745909
1.94514050381
1.95313895288
1.96067453665
1.94167039507
1.94388817059
1.95847660723
1.94903714325
1.94433845462
1.91982130546
1.95218902673
1.94782299186
1.92935374305
1.92817501315
1.92158027606
1.93362401802
1.93739163508
1.92997544592
1.93187180752
1.92715616044
1.92265381664
1.92192339478
1.91519175289
1.92279889644
1.93984734806
1.93081436236
1.91876782908
1.90636327237
1.91885441583
1.9110762032
1.91394790913
1.91495630349
1.91905241487
1.94772372281
1.92186202082
1.92934384182
1.91855416213
1.95656987509
1.95725623455
1.93122152615
1.9154877638
1.92044398474
1.92112044485
1.93181941841
1.92303593832
1.85402004281
1.83326256863
2.24522868246
2.23665539017
2.28922621969
2.2819741021
2.26968248006
2.07858203484
2.08272718609
1.88272718609
1.85409520683
1.86586949699
1.88644530643
1.89145118882
1.89108201359
1.89069387285
1.89270176166
1.87489404461
1.85832342796
1.86295127269
1.88259231205
1.86223956616
1.8407652366
1.85312485273
1.87525887333
1.85021877928
1.880352147
1.87901955984
1.86632005528
1.8462346428
1.84857054145
1.87033681756
1.87083056339
1.85777885743
1.8532290804
1.86417698727
1.85501976768
1.85217004649
1.83105497509
1.83565471069
1.82598017412
1.82224312998
1.81749981011
1.81706824599
1.8227339084
1.79655642738
1.80048707479
1.77712570654
1.7972525336
1.77641844088
1.7784891966
1.77752163316
1.76417928116
1.77291394928
1.7729135143
1.76306936277
1.76667405193
1.76477420289
1.76253457797
1.76160756056
1.77899645319
1.76142692844
1.77008111427
1.76817758968
1.76765918513
1.76092934668
1.75620930373
1.77032717529
1.7467144943
1.75828867988
1.77757142213
1.77531913649
1.77699771174
1.77489436268
1.77742114771
1.83670426992
1.81582335528
1.82271466046
1.83606536987
1.80605126848
1.80651801682
1.80213599622
1.81153894252
1.8266350261
1.78490475307
1.81356259918
1.84359628566
1.78225357579
1.7673733514
1.75810309383
1.77689258011
1.80322111745
1.80889545246
1.80647397171
1.79928334482
1.7932336142
1.80634523665
1.80865140009
1.81261920376
1.78016865131
1.79902911129
1.78616619991
1.78858751777
1.78116322854
1.79464259839
1.79767237765
1.78015390451
1.78178984827
1.77590042911
1.76029694805
1.77518685622
1.77696419928
1.79845897104
1.08557134712
1.08557134712
1.17825297796
1.18726660485
1.13399081471
1.16816433531
1.14562046055
1.12069934641
1.18999025196
1.18783346981
1.17546313759
1.16663724041
1.18529392109
1.20833525741
1.19647461414
1.19570085284
1.18341074251
1.19426191187
1.19673002828
1.18467809217
1.19543660797
1.1733759803
1.18656607526
1.18671591078
1.1700264374
1.1871082516
1.178087831
1.17086009463
1.18108585931
1.17664879516
1.13365168647
1.15342816076
1.16255302299
1.15117616373
1.15049861999
1.20309650181
1.19868543127
1.1944428886
1.19101809813
1.20294502713
1.19560552576
1.19193558148
1.19220154788
1.18397495857
1.17449371722
1.17538310063
1.17345941015
1.17649389445
1.1683613934
1.16745174819
1.15542383297
1.18616697776
1.17251566919
1.18562446119
1.17920115528
1.17147162312
1.16003818241
1.18392350747
1.17834611662
1.17778711018
1.17171775356
1.17180258134
1.17557254573
1.16795829828
1.15863773357
1.1505914057
1.16696188648
1.17717464692
1.16131110786
1.1449653214
1.14146245001
1.19129090659
1.17885609437
1.16543647064
1.14133736931
1.14584132442
1.151070331
1.19239708808
1.17135645967
1.14957848841
1.15856812666
1.12490712078
1.13371527575
1.11892814552
1.1120833344
1.12883073363
1.1209177257
1.11561681783
1.10393288365
1.14482169699
1.09563946125
1.09278781496
1.10251595385
1.11929220382
1.0887296687
1.09101547173
1.11001250368
1.08420465956
1.0599903843
1.09180787858
1.07751114372
1.087045999
1.05885161016
0.55415866125
1.18557134712
1.27825297796
1.28726660485
1.23399081471
1.26816433531
1.24562046055
1.22069934641
1.28999025196
1.28783346981
1.2754631376
1.26663724041
1.2852939211
1.30833525741
1.29647461414
1.29570085285
1.28341074251
1.29426191187
1.29673002828
1.28467809217
1.29543660797
1.2733759803
1.28656607526
1.28671591078
1.2700264374
1.2871082516
1.278087831
1.27086009463
1.28108585931
1.27664879516
1.23365168648
1.25342816076
1.26255302299
1.25117616373
1.25049861999
1.30309650181
1.29868543127
1.2944428886
1.29101809813
1.30294502713
1.29560552576
1.29193558148
1.29220154787
1.28397495857
1.27449371722
1.27538310063
1.27345941015
1.27649389445
1.2683613934
1.26745174819
1.25542383297
1.28616697776
1.27251566919
1.28562446119
1.27920115528
1.27147162312
1.26003818241
1.28392350747
1.27834611662
1.27778711018
1.27171775355
1.27180258134
1.27557254573
1.26795829828
1.25863773357
1.2505914057
1.26696188648
1.27717464692
1.26131110786
1.2449653214
1.24146245001
1.29129090659
1.27885609437
1.26543647064
1.24133736931
1.24584132442
1.251070331
1.29239708807
1.27135645967
1.24957848841
1.25856812666
1.22490712078
1.23371527575
1.21892814552
1.2120833344
1.22883073363
1.2209177257
1.21561681783
1.20393288365
1.24482169699
1.19563946125
1.19278781496
1.20251595385
1.21929220382
1.1887296687
1.19101547173
1.21001250368
1.18420465956
1.15999038429
1.19180787858
1.17751114372
1.187045999
1.15885161016
0.65415866125
0.35415866125
0.36531030235
0.377404637806
0.377874763482
0.368250914661
0.368067801898
0.365069547227
0.372715973213
0.375105925918
0.377591614467
0.379280321056
0.377079597946
0.377424929748
0.380587596041
0.383770172815
0.386133743988
0.387468113169
0.392223590491
0.39165112442
0.388319562174
0.413325267511
0.398956182158
0.387452864506
0.378335027597
0.377219424633
0.380840446435
0.382059462389
0.372683140648
0.372373754633
0.374993589818
0.37759247413
0.380905427937
0.381664968991
0.372811145702
0.377174846121
0.377623913529
0.370118334953
0.374699800376
0.377200511361
0.375442936019
0.377519042114
0.378168032842
0.377611695034
0.379057249038
0.379369703881
0.379603437534
0.378394904435
0.373919551124
0.375606184388
0.373821702081
0.376232452377
0.376786891178
0.373285276424
0.372385186581
0.367919606909
0.366802501732
0.367038728097
0.370431107479
0.372976164383
0.369944766271
0.367628297789
0.373901352744
0.37448091314
0.36198477189
0.358244002115
0.362222536257
0.359842129728
0.363650880447
0.362926892855
0.363136125201
0.362168833748
0.35331709152
0.363293943581
0.362982326618
0.366168818495
0.369755930165
0.36815993227
0.368148420194
0.369159087157
0.369041865062
0.367857273144
0.365497048938
0.368081544537
0.370154955348
0.367207800922
0.353096472156
0.35361842294
0.361600523326
0.366112706031
0.364109847942
0.364053914504
0.363344197514
0.3632665577
0.361054093425
0.361969497265
0.365814886745
0.364402245901
0.360233940466
0.360801028466
0.361249179613
0.353043914122
0.347945077128
0.353314291837
0.353640525111
0.353028685162
0.357559626968
0.357985538421
0.357988780088
0.359139633229
0.36173447052
0.364594389466
0.365776224842
1.16772149707
1.16777809301
1.62959208762
1.62959208762
1.65116701188
1.68192762317
1.716001161
1.70620984688
1.69227854221
1.68589336234
1.66608919168
1.66777384664
1.78331057374
1.69185858508
1.68890610471
1.68379749327
1.694761175
1.68117607239
1.68867380968
1.66509301803
1.66971032557
1.67761308711
1.67134994983
1.67347881843
1.6609808227
1.69779142164
1.68057588647
1.679857275
1.66819157052
1.68267053651
1.6942887769
1.66223547659
1.68188027718
1.68099558454
1.67610612282
1.68352070624
1.66727286403
1.68604096179
1.66850601834
1.6788328473
1.65888330723
1.67211562738
1.64505842062
1.67203989303
1.67326520583
1.67991202731
1.68092281514
1.66644982542
1.6172216911
1.64038224479
1.66326629694
1.63736979296
1.64306811586
1.64936642981
1.63357269928
1.63031544338
1.64002434682
1.63892608254
1.60738724393
1.57977868925
1.59001750339
1.62379045927
1.58748665827
1.58382090769
1.55846797134
1.53473098246
1.5596433526
1.52211218612
1.54299928139
1.53341742108
1.53779469254
1.60052964858
1.60166268772
1.56493875813
1.55100654078
1.53246034209
1.53183841112
1.55436226632
1.53815219144
1.57324802285
1.54344707578
1.57603163825
1.55185023233
1.52928534004
1.52631254836
1.53674588139
1.53784383401
1.55869245871
1.52711113537
1.51748685464
1.54144406798
1.52978281091
1.52004081872
1.51627185786
1.56005212571
1.5219960598
1.56877312179
1.51877134038
1.52270056725
1.53798083465
1.50567429597
1.51016479522
1.50432368087
1.50196574476
1.4945050158
1.64010436699
1.64010436699
1.46730392554
1.49107545539
1.51259353409
1.32667725205
1.66328605115
1.61706223869
1.53525726079
1.52232876008
1.58985625584
1.40575876639
1.582400542
1.65992520902
1.51201762485
1.55652891483
1.54178018259
1.52362692253
1.51166771253
1.49869676566
1.49952215011
1.4800033165
1.48056248703
1.48077897968
1.47783719845
1.4811603369
1.45840667759
1.46505291621
1.48304710746
1.47749041039
1.48971078897
1.48845227838
1.46755593588
1.48861571661
1.48540983429
1.48500475514
1.46635007575
1.47175316558
1.46953829825
1.4454504113
1.4612608901
1.46161599514
1.44388244894
1.45643106899
1.46308161495
1.45634652457
1.50455654998
1.49174397877
1.49495897014
1.48702576554
1.47829134975
1.55244719749
1.49316434056
1.49578245068
1.50180892644
1.51648117
1.50806410378
1.49694400647
1.49864694248
1.48253617791
1.4828873562
1.49590034114
1.48011265979
1.49124802109
1.501828082
1.50264503869
1.50661892058
1.50318266846
1.48337170484
1.4893839495
1.48183712251
1.50100641066
1.47632756227
1.5007240294
1.48408947312
1.49018105177
1.49586337294
1.49866974021
1.49363316674
1.49523509809
1.48906071896
1.4961141141
1.50434893733
1.49826491017
1.49557682317
1.49513445935
1.48710736828
1.49315519125
1.49171198598
1.50771957634
1.50758578434
1.49717768572
1.48710223018
1.5035023146
1.50568759271
1.50945414197
1.5111945623
1.50211204791
1.49252392407
1.49869025749
1.48863681558
1.5025499262
1.49808823083
1.49597717337
1.49783069705
1.49829588132
1.49837387468
1.48821552368
1.48928791831
1.48855811082
1.49470277594
1.47456116253
1.48242928714
1.48792242388
1.49454135949
1.48343649156
