1.66512820513
1.6387654321
1.62927710843
1.6282278481
1.62530120482
1.62666666667
1.6279787234
1.62152173913
1.61287356322
1.6165060241
1.63139240506
1.61530120482
1.64247524752
1.62047619048
1.62411111111
1.61151162791
1.60520833333
1.6038372093
1.61368932039
1.61953488372
1.61166666667
1.62887755102
1.63864583333
1.64166666667
1.654375
1.64406593407
1.638
1.64806818182
1.63045977011
1.63265306122
1.634
1.64012048193
1.62138297872
1.63366666667
1.63188888889
1.62702380952
1.61826530612
1.62315217391
1.62094736842
