0.957173913043
0.861630434783
0.90011627907
0.865357142857
0.87396039604
0.884268292683
0.895108695652
0.872087912088
0.95
0.960204081633
0.891728395062
0.933434343434
0.955813953488
0.964090909091
0.941333333333
0.927356321839
0.934302325581
0.937380952381
0.944382022472
0.94
0.893043478261
0.915465116279
0.898571428571
0.659225352113
0.642921348315
0.677088607595
0.65
0.637792207792
0.65
0.650625
0.655243902439
0.655365853659
0.667625
0.662763157895
0.662954545455
0.667578947368
0.641149425287
