0.884431818182
0.890212765957
0.887708333333
0.904725274725
0.906588235294
0.910786516854
0.873043478261
0.918481012658
0.928139534884
0.920309278351
0.926266666667
0.933975903614
0.93
0.917956989247
0.92652173913
0.935185185185
0.92085106383
0.934945054945
0.950555555556
0.96978021978
0.95
0.954646464646
0.950106382979
0.847608695652
0.876914893617
0.870322580645
0.860454545455
0.861395348837
0.872040816327
0.888571428571
0.885
0.879514563107
0.91032967033
0.947654320988
0.947209302326
0.930294117647
