0.620852254957
0.791028887888
0.834403561243
0.802294769103
0.795708788247
0.790835291237
0.849731759712
0.81082833946
0.798934845051
0.771454317563
0.761882336953
0.780830263179
0.771083330931
0.732843439192
0.74255480041
0.731504261363
0.764353210823
0.753434845364
0.780768680519
0.759564837473
0.800073316725
0.816220805407
0.833514310853
0.829906845313
0.799187208976
0.799721468593
0.794268755631
0.794583984525
0.814808980981
0.793591602085
0.779981957025
0.784482658669
0.822577429565
0.804836315056
0.809632660699
0.80649539479
0.792147398303
0.791284097447
0.785195013682
0.776156952256
0.798875959285
0.784775736123
0.785089917037
0.785752458987
0.7953719405
0.820724784317
0.771765389426
0.786914976646
0.792767980771
0.800723946468
0.807287322122
0.817610730323
0.818189684565
0.810062606864
0.796355378615
0.8048542906
0.805428206402
0.802558248005
0.80193419706
0.7972128171
0.805363630941
0.815046916236
0.800543755773
0.792476784933
0.788913491098
0.794679071299
0.797703726224
0.792958667224
0.788757178498
0.783879267719
0.751825814021
0.785832454821
0.769099959386
0.777569204783
0.800433007472
0.801115062523
0.788594231339
0.788487013906
0.781683444974
0.766804916986
0.774092579183
0.758147042081
0.745297024224
0.716242595539
0.729676081057
0.774911759468
0.723522849132
0.759387045267
0.757883942392
0.717660201775
0.730246657308
0.746990381584
0.749809915079
0.724100707698
0.71979460846
0.740621515422
0.739332135281
0.726061495743
0.741405840599
0.40359926177
0.405441672081
