1.35575164173
1.53141518734
1.50475076976
1.4718888646
1.46729688845
1.46533154203
1.56402913139
1.4936876211
1.46675731515
1.45132465892
1.44233843471
1.4477541814
1.44134260845
1.40908852376
1.41740250137
1.40148304923
1.4776582371
1.49785173246
1.50557853266
1.47455190019
1.47929241699
1.47789718744
1.52908509408
1.48562732936
1.45723942961
1.46055285148
1.45265007155
1.45819711681
1.49762600767
1.47310010067
1.4546673371
1.45938680072
1.53635034432
1.50704461808
1.48596827369
1.48878850536
1.47339927359
1.46533698694
1.45262835568
1.48758632272
1.50248971762
1.47952931994
1.4718311481
1.46459080737
1.49186709247
1.50788294012
1.45755992043
1.45789101268
1.48027992893
1.47788580651
1.51914424488
1.51875090503
1.51718519717
1.49994971079
1.48563037884
1.51592780148
1.51406047724
1.50011897811
1.49525781287
1.48575278435
1.51276756569
1.54964602302
1.50973577006
1.50426747539
1.52766342706
1.51339776741
1.50535982911
1.49449410513
1.49264602357
1.4870963857
1.48530517053
1.53760061335
1.50460209276
1.55936015182
1.55379677555
1.53358844614
1.54161637591
1.53014470113
1.52403516171
1.5068617459
1.52185486445
1.5150204823
1.50383560303
1.48367854402
1.44729109235
1.48647009132
1.46748804121
1.49101380138
1.49813173804
1.47540302598
1.48115876543
1.51152160358
1.4933650652
1.48220027937
1.48878948357
1.48957491999
1.49463327993
1.48164835742
1.47523203049
1.14159506298
1.13820872978
1.13455103794
1.12840142973
1.13317358228
1.14781899687
1.14624334406
1.15304713877
1.14663923732
1.14748331207
1.14081161687
1.1360883679
1.13978989623
1.14082351529
1.1780618764
1.17647266645
1.16790781468
1.16255943495
1.16908115327
1.17653785041
1.16961491901
1.17226311923
1.17046098193
1.16720468117
1.15594340611
1.1512920784
1.1524622136
1.15329916397
1.15530785741
1.15385838147
1.14423528435
1.15575397391
1.15687784325
1.15594478535
1.15396969798
1.156844389
1.14345309074
1.15371695933
1.13612185345
1.14131879846
1.14508256777
1.14674109152
1.14469183778
1.12846096457
1.13606311961
1.13697377316
1.12980138741
1.12366156432
1.12296660991
1.11418300562
1.1214447613
1.12490981537
1.11019412798
1.12145571094
1.13049641387
1.12063202454
1.11188075464
1.11713039587
1.10694416409
1.0924413488
1.09471028137
1.11087918297
1.09140445334
1.09323906321
1.07363136307
1.08590726482
1.09940157889
1.07465195098
1.06082678607
1.06299050785
1.08194325468
1.05731398412
1.06691264052
1.07492263351
1.0501156508
1.06233496726
1.04113106863
1.01639769818
1.01423685833
1.04752580054
1.06885941942
1.0780165399
1.05698023636
1.01455070806
1.06014440239
1.04889048045
1.07374283501
1.03933915428
1.02302268144
1.02652423191
1.00980256687
1.0495892801
1.02729187037
1.03604178382
1.03036416836
1.01416184901
1.03074333934
1.03847196318
1.03671357404
1.01486312269
1.30556395701
1.521831557
1.50599852663
1.48583191276
1.48456787365
1.47439337241
1.47002721423
1.45893630098
1.46057236606
1.45507680144
1.45828856068
1.45569149699
1.46388487344
1.45907403735
1.45863451191
1.44179198428
1.43854667751
1.44231081427
1.4329131764
1.43163545533
1.41553804336
1.43659293173
1.4174880682
1.4220724368
1.39106347297
1.3949583684
1.38669072991
1.39916133127
1.38247987148
1.37303186509
1.37805191976
1.36836661184
1.35674343254
1.38722273865
1.36778957568
1.36598856047
1.36184636534
1.34296161112
1.35270583428
1.34047486494
1.34547428567
1.33773058651
1.33561460287
1.3479180514
1.33591331544
1.33924871376
1.33479588086
1.33778970205
1.36384830618
1.33608753226
1.33014521809
1.33508002241
1.34010993501
1.33860808075
1.33018750868
1.33316215358
1.34673761517
1.33078688141
1.33080217169
1.32646826861
1.32189423023
1.33548782074
1.32705510114
1.32286834859
1.32837207817
1.32447559073
1.32238224223
1.32073388724
1.3209533158
1.32327141454
1.32839512322
1.32198760261
1.32323374566
1.32410297433
1.3226321777
1.32348334314
1.32059583487
1.31834979647
1.32303980641
1.32181399811
1.32167427625
1.32491746053
1.32639922203
1.32220980042
1.32037892289
1.30975521159
1.30156217712
1.30180225153
1.29790777988
1.29696077504
1.29772793162
1.29519650938
1.29175524751
1.29186936559
1.29044776704
1.28549077111
1.28137098573
1.28750577165
1.28934363847
1.28472389704
1.28034907523
1.34680743364
1.33145261332
1.33168780762
1.32621706179
1.32056550508
1.31743258059
1.32206691644
1.3184663025
1.31197713469
1.30844774416
1.32207594651
1.30951682028
1.31365065694
1.31002459138
1.30652972482
1.30160276797
1.29633607065
1.2992140057
1.29080176651
1.29131279049
1.28378899506
1.28674424439
1.28479753149
1.2865307001
1.28843255691
1.28772787256
1.28192241474
1.27765077072
1.28099265509
1.27993810551
1.28588048053
1.27998710383
1.27405830797
1.27269738782
1.27069888475
1.27987328706
1.27553225096
1.26781367081
1.26848046707
1.26719360946
1.26782295217
1.25505459834
1.25533884937
1.25582258404
1.25593850968
1.25065969359
1.25124138826
1.26816197634
1.26358777187
1.26090509108
1.25807760677
1.25986139973
1.24951466193
1.25065293369
1.25211887946
1.25321664171
1.24808232794
1.2508505521
1.2529722829
1.24708424094
1.24533542008
1.24331703916
1.23685031299
1.26482594752
1.25194613141
1.24221564512
1.24354849555
1.24337447942
1.24734292169
1.24749246094
1.24216812008
1.24155893983
1.23982964727
1.23621025432
1.23685650299
1.23666619429
1.23884621883
1.24124124042
1.23182786483
1.2320031302
1.2587371252
1.24685970904
1.24589080478
1.24341585292
1.24308554746
1.24637117673
1.23576423221
1.24394011383
1.23906054934
1.23979603608
1.24513366232
1.2501582155
1.24859202689
1.23969256626
1.24683506592
1.24458956021
1.23529044833
1.23644820429
1.23754252296
1.2347839846
1.2354171275
1.24263843878
1.23248980731
1.23333018622
1.23430294555
1.23662522428
1.23377479152
1.23526777798
1.23511062633
1.23435613302
1.23889766262
1.23368946438
1.23735304356
1.23584118766
1.23809441578
1.24064373274
1.24573428504
1.23897629949
1.23602477037
1.23438974433
1.23308431038
1.23259600365
1.23454717943
1.27825430684
1.25377596753
1.68222839531
1.67230531718
1.73418756187
1.73473798859
1.70763896118
1.47312900014
1.47778429297
1.47371903074
1.47456970949
1.49430951956
1.50769077337
1.49621631163
1.51214570102
1.5121934358
1.49651622258
1.47978262915
1.48356226915
1.49328032882
1.48781990422
1.47661785801
1.48500093034
1.48708885942
1.47437916183
1.47340757733
1.47794562628
1.46149518725
1.44333129732
1.44806471146
1.48278203345
1.49174024834
1.47322446139
1.46820854799
1.48230469647
1.47064457761
1.47734596613
1.45666271203
1.44665779021
1.44823925758
1.43196640921
1.43564024546
1.44145058349
1.44918781883
1.43124529879
1.43610365847
1.42780288182
1.45139026666
1.42133587263
1.42782965723
1.45127256708
1.43340307862
1.44428401231
1.43646423537
1.41834641991
1.42375185732
1.43252043744
1.42010859796
1.42119502937
1.42871024698
1.41889842434
1.42231974508
1.42942665343
1.43160534366
1.42823572934
1.41801094992
1.43358580435
1.41412897979
1.43235180586
1.45927435217
1.45244358855
1.45616437826
1.45679951755
1.45466403039
1.47232070648
1.46536302739
1.49776929865
1.51648372721
1.48312097272
1.48713925233
1.46781012706
1.47121123583
1.46700373822
1.44656115425
1.44726168358
1.46651850551
1.43732282056
1.42760028529
1.41633697897
1.44215628015
1.44739632784
1.44710519951
1.44948793965
1.47095409947
1.45202332341
1.47192585657
1.47455299071
1.47470931268
1.44670252705
1.45614448116
1.45851127221
1.46404200654
1.44506730158
1.47371796252
1.4768446744
1.45538648641
1.45900208064
1.45540259185
1.4342321136
1.44523510538
1.45832175536
1.47282122049
0.390413100193
0.386504867183
0.394528001371
0.384645894774
0.384420570994
0.39449645246
0.388858271109
0.405702919944
0.410546681656
0.402922634635
0.395213759546
0.464998314462
0.455744078667
0.447850262362
0.448405659513
0.44120204642
0.425012803284
0.43096481234
0.431286603238
0.428925448662
0.418762867977
0.422660168567
0.429000776325
0.423366283337
0.419580443324
0.421446845256
0.430778900547
0.420977580076
0.42180248431
0.421336666241
0.418581024259
0.423797787203
0.412689984844
0.415824645867
0.428742932618
0.441632977773
0.426280464222
0.419373304
0.455821818171
0.43374935412
0.428015823676
0.425154199933
0.424582750393
0.424144961095
0.422471198783
0.422167905158
0.424767481807
0.418712501135
0.416875030696
0.422035335974
0.418249081976
0.417399084255
0.416380550965
0.420232365604
0.419029881411
0.409141525844
0.430425968881
0.429185617475
0.418949965509
0.42207286708
0.417514596633
0.41047674492
0.414680108506
0.404956731082
0.411061503043
0.41940612415
0.403317433069
0.415481063931
0.422204316323
0.413758041779
0.451499559835
0.439471775746
0.445799931297
0.434090015027
0.430424552926
0.431740132013
0.43994854017
0.432689351923
0.428647542823
0.431227806716
0.438997262351
0.427594482419
0.448296503462
0.453148208933
0.446815801734
0.442350197171
0.449809243343
0.461044170258
0.436302180054
0.444734140439
0.44951191904
0.450976328837
0.439427032826
0.451507645033
0.444940148632
0.424420893051
0.447300882616
0.449564700732
0.443323120052
0.444091192183
0.443269311358
0.472242708795
0.873492646706
0.882128810446
0.894539504431
0.894013961561
0.885629256945
0.885286928175
0.883346401424
0.88952293706
0.892742988295
0.894601651246
0.895845528229
0.893935111265
0.894277467023
0.896365872689
0.896523718505
0.898833493591
0.898682593713
0.902240627662
0.909267341426
0.908158187198
0.921698812533
0.918958521901
0.913151410567
0.90464494281
0.902300403294
0.903482955218
0.904039249611
0.895804376084
0.897592842376
0.897363916813
0.899441078956
0.901061319426
0.90103101263
0.899164787767
0.899316680499
0.899263184262
0.89682639117
0.89955640295
0.899950636928
0.899801917484
0.900744626886
0.9000431545
0.89994456989
0.900474250084
0.899645462304
0.900921548456
0.900252546147
0.897926964288
0.898862745077
0.898757005492
0.89746816355
0.898522913324
0.89769628019
0.89576550874
0.894501097897
0.89509421088
0.897025628367
0.896464668424
0.896653902149
0.894577826308
0.895254586692
0.897281920258
0.897450727143
0.892471092041
0.890345991161
0.892189965731
0.890314064974
0.890782851653
0.891167417442
0.892283061924
0.892803861441
0.899952198264
0.892570822277
0.892283778222
0.892849538506
0.894760989171
0.893194389429
0.893744046503
0.894546667927
0.893820970772
0.894529012049
0.89398445927
0.894551736272
0.895304651516
0.89269429261
0.88809597466
0.888622605361
0.890914924593
0.8943757413
0.893663389473
0.892141366347
0.892665170104
0.892951268197
0.891238545575
0.892603312698
0.894026470081
0.892148868921
0.890972083475
0.892827262443
0.89090774361
0.887561240865
0.884788816146
0.885877804086
0.887480604995
0.887523121901
0.887827008548
0.889248107821
0.889181181136
0.889775179225
0.89137910561
0.891948147481
0.892746024595
1.59332588432
1.59278047714
1.39763542808
1.42572066611
1.46392034298
1.50622085212
1.49418575334
1.47735073243
1.46876590748
1.44546912034
1.44692670663
1.59342255889
1.47805118405
1.47595178276
1.46912946369
1.48469325864
1.46984559059
1.484006449
1.44828693251
1.45661399429
1.46616101048
1.45940361535
1.46247896618
1.44666881505
1.49137660567
1.47152196384
1.46778557842
1.45454195763
1.47296518926
1.49123052974
1.4527436113
1.47242360182
1.47157978364
1.46799820825
1.47838993595
1.45668053209
1.48165597345
1.46673451595
1.4758744648
1.45463765493
1.4666671563
1.43719732788
1.46660895935
1.46952544579
1.47125945194
1.47252367395
1.45758411093
1.40971920362
1.43560516427
1.45769372966
1.43323003443
1.44416946534
1.44330281305
1.43579698152
1.4293253347
1.43507639004
1.43143877018
1.40389209068
1.37335560484
1.38837367136
1.42409841035
1.3823355622
1.38793309281
1.34871539407
1.33485280815
1.3496245032
1.34032743892
1.3403187326
1.3440224778
1.33585061164
1.38476524289
1.39534006802
1.3806483356
1.35479107541
1.35754015966
1.34642665824
1.33988005602
1.3614242831
1.36535996901
1.35713091767
1.37527456634
1.34695779747
1.32981233229
1.31777521878
1.34256208304
1.32698637933
1.33452122559
1.32672535064
1.32747682058
1.34935074247
1.33529704534
1.3299121231
1.30404128505
1.33390130237
1.33280059561
1.35559758104
1.31506569944
1.32833789408
1.33813507992
1.31563794401
1.31802937181
1.31579764283
1.30584557275
1.28397325132
1.54222321977
1.49216802877
1.53705841607
1.55284266614
1.28948315978
1.5902090985
1.53307737157
1.52055858946
1.51526669514
1.49233870066
1.40204164159
1.35716471319
1.57749221328
1.51118660505
1.54394437875
1.5292510124
1.50694472985
1.49413516801
1.47871323792
1.48015774974
1.45884619066
1.45889179747
1.45784765258
1.45428779094
1.45971643566
1.43132422391
1.44216241674
1.46395013528
1.45993471772
1.47202228173
1.47057325534
1.44737256684
1.47105183214
1.46707604085
1.46623410086
1.44454727126
1.44997736315
1.44674009935
1.41370791287
1.43492586912
1.43662100052
1.41808394627
1.4344482168
1.43958864153
1.433523237
1.48545479754
1.46729529163
1.47193788609
1.46509822501
1.45420602109
1.4752666768
1.47258235128
1.47576250233
1.48286121267
1.49911721108
1.48902355438
1.47636614752
1.47944765212
1.45539424323
1.45997290323
1.47407819202
1.45696171133
1.46907246825
1.48256244321
1.48551286536
1.48967344344
1.48478340473
1.46327200472
1.47177485285
1.46059163597
1.47526995211
1.44833836003
1.47805245132
1.46195538231
1.46580717614
1.47247116658
1.47660794944
1.47230801964
1.47285711081
1.46563601694
1.47459221119
1.48386209453
1.47487787946
1.47098188773
1.46692131238
1.46198349372
1.47230667563
1.46900258256
1.4889110649
1.48851229674
1.47696719854
1.46222747702
1.48132808923
1.48192198071
1.48799311583
1.48842216129
1.47871619439
1.46820001162
1.4710042337
1.46284334181
1.47736414267
1.47264236021
1.47121260169
1.47405618462
1.47384664918
1.47320722443
1.46053162852
1.46324147363
1.46238750952
1.46484328771
1.44361189662
1.45561720056
1.4624020905
1.47093749203
1.45854647331
1.94859382096
1.943730562
1.9409531837
1.42388028147
1.44184571013
1.38491998004
