1.35575164173
1.53141518734
1.50475076976
1.4718888646
1.46729688845
1.46533154203
1.56402913139
1.4936876211
1.46675731515
1.45132465892
1.44233843471
1.4477541814
1.44134260845
1.40908852376
1.41740250137
1.40148304923
1.4776582371
1.49785173246
1.50557853266
1.47455190019
1.47929241699
1.47789718744
1.52908509408
1.48562732936
1.45723942961
1.46055285148
1.45265007155
1.45819711681
1.49762600767
1.47310010067
1.4546673371
1.45938680072
1.53635034432
1.50704461808
1.48596827369
1.48878850536
1.47339927359
1.46533698694
1.45262835568
1.48758632272
1.50248971762
1.47952931994
1.4718311481
1.46459080737
1.49186709247
1.50788294012
1.45755992043
1.45789101268
1.48027992893
1.47788580651
1.51914424488
1.51875090503
1.51718519717
1.49994971079
1.48563037884
1.51592780148
1.51406047724
1.50011897811
1.49525781287
1.48575278435
1.51276756569
1.54964602302
1.50973577006
1.50426747539
1.52766342706
1.51339776741
1.50535982911
1.49449410513
1.49264602357
1.4870963857
1.48530517053
1.53760061335
1.50460209276
1.55936015182
1.55379677555
1.53358844614
1.54161637591
1.53014470113
1.52403516171
1.5068617459
1.52185486445
1.5150204823
1.50383560303
1.48367854402
1.44729109235
1.48647009132
1.46748804121
1.49101380138
1.49813173804
1.47540302598
1.48115876543
1.51152160358
1.4933650652
1.48220027937
1.48878948357
1.48957491999
1.49463327993
1.48164835742
1.47523203049
1.14159506298
1.13820872978
1.33820872978
1.33455103794
1.32840142973
1.33317358228
1.34781899687
1.34624334406
1.35304713877
1.34663923732
1.34748331207
1.34081161687
1.3360883679
1.33978989623
1.34082351529
1.3780618764
1.37647266645
1.36790781468
1.36255943495
1.36908115327
1.37653785041
1.36961491901
1.37226311923
1.37046098193
1.36720468117
1.35594340611
1.3512920784
1.3524622136
1.35329916397
1.35530785741
1.35385838147
1.34423528435
1.35575397391
1.35687784325
1.35594478535
1.35396969798
1.356844389
1.34345309074
1.35371695933
1.33612185345
1.34131879846
1.34508256777
1.34674109152
1.34469183778
1.32846096457
1.33606311961
1.33697377316
1.32980138741
1.32366156432
1.32296660991
1.31418300562
1.3214447613
1.32490981537
1.31019412798
1.32145571094
1.33049641387
1.32063202454
1.31188075464
1.31713039587
1.30694416409
1.2924413488
1.29471028137
1.31087918297
1.29140445334
1.29323906321
1.27363136307
1.28590726482
1.29940157889
1.27465195098
1.26082678607
1.26299050785
1.28194325468
1.25731398412
1.26691264052
1.27492263351
1.2501156508
1.26233496726
1.24113106863
1.21639769818
1.21423685833
1.24752580054
1.26885941942
1.2780165399
1.25698023636
1.21455070806
1.26014440239
1.24889048045
1.27374283501
1.23933915428
1.22302268144
1.22652423191
1.20980256687
1.2495892801
1.22729187037
1.23604178382
1.23036416836
1.21416184901
1.23074333934
1.23847196318
1.23671357404
1.21486312269
1.50556395701
1.35556395701
1.571831557
1.55599852663
1.53583191276
1.53456787365
1.52439337241
1.52002721423
1.50893630098
1.51057236606
1.50507680144
1.50828856068
1.50569149699
1.51388487344
1.50907403735
1.50863451191
1.49179198428
1.48854667751
1.49231081427
1.4829131764
1.48163545533
1.46553804336
1.48659293173
1.4674880682
1.4720724368
1.44106347297
1.4449583684
1.43669072991
1.44916133127
1.43247987148
1.42303186509
1.42805191976
1.41836661184
1.40674343254
1.43722273865
1.41778957568
1.41598856047
1.41184636534
1.39296161112
1.40270583428
1.39047486494
1.39547428567
1.38773058651
1.38561460287
1.3979180514
1.38591331544
1.38924871376
1.38479588086
1.38778970205
1.41384830618
1.38608753226
1.38014521809
1.38508002241
1.39010993501
1.38860808075
1.38018750868
1.38316215358
1.39673761517
1.38078688141
1.38080217169
1.37646826861
1.37189423023
1.38548782074
1.37705510114
1.37286834859
1.37837207817
1.37447559073
1.37238224223
1.37073388724
1.3709533158
1.37327141454
1.37839512322
1.37198760261
1.37323374566
1.37410297433
1.3726321777
1.37348334314
1.37059583487
1.36834979647
1.37303980641
1.37181399811
1.37167427625
1.37491746053
1.37639922203
1.37220980042
1.37037892289
1.35975521159
1.35156217712
1.35180225153
1.34790777988
1.34696077504
1.34772793162
1.34519650938
1.34175524751
1.34186936559
1.34044776704
1.33549077111
1.33137098573
1.33750577165
1.33934363847
1.33472389704
1.33034907523
1.39680743364
1.94680743364
1.93145261332
1.93168780762
1.92621706179
1.92056550508
1.91743258059
1.92206691644
1.9184663025
1.91197713469
1.90844774416
1.92207594651
1.90951682028
1.91365065694
1.91002459138
1.90652972482
1.90160276797
1.89633607065
1.8992140057
1.89080176651
1.89131279049
1.88378899506
1.88674424439
1.88479753149
1.8865307001
1.88843255691
1.88772787256
1.88192241474
1.87765077072
1.88099265509
1.87993810551
1.88588048053
1.87998710383
1.87405830797
1.87269738782
1.87069888475
1.87987328706
1.87553225096
1.86781367081
1.86848046707
1.86719360946
1.86782295217
1.85505459834
1.85533884937
1.85582258404
1.85593850968
1.85065969359
1.85124138826
1.86816197634
1.86358777187
1.86090509108
1.85807760677
1.85986139973
1.84951466193
1.85065293369
1.85211887946
1.85321664171
1.84808232794
1.8508505521
1.8529722829
1.84708424094
1.84533542008
1.84331703916
1.83685031299
1.86482594752
1.85194613141
1.84221564512
1.84354849555
1.84337447942
1.84734292169
1.84749246094
1.84216812008
1.84155893983
1.83982964727
1.83621025432
1.83685650299
1.83666619429
1.83884621883
1.84124124042
1.83182786483
1.8320031302
1.8587371252
1.84685970904
1.84589080478
1.84341585292
1.84308554746
1.84637117673
1.83576423221
1.84394011383
1.83906054934
1.83979603608
1.84513366232
1.8501582155
1.84859202689
1.83969256626
1.84683506592
1.84458956021
1.83529044833
1.83644820429
1.83754252296
1.8347839846
1.8354171275
1.84263843878
1.83248980731
1.83333018622
1.83430294555
1.83662522428
1.83377479152
1.83526777798
1.83511062633
1.83435613302
1.83889766262
1.83368946438
1.83735304356
1.83584118766
1.83809441578
1.84064373274
1.84573428504
1.83897629949
1.83602477037
1.83438974433
1.83308431038
1.83259600365
1.83454717943
1.87825430684
1.85377596753
2.28222839531
2.27230531718
2.33418756187
2.33473798859
2.30763896118
2.07312900014
2.07778429297
1.87778429297
1.87371903074
1.87456970949
1.89430951956
1.90769077337
1.89621631163
1.91214570102
1.9121934358
1.89651622258
1.87978262915
1.88356226915
1.89328032882
1.88781990422
1.87661785801
1.88500093034
1.88708885942
1.87437916183
1.87340757733
1.87794562628
1.86149518725
1.84333129732
1.84806471146
1.88278203345
1.89174024834
1.87322446139
1.86820854799
1.88230469647
1.87064457761
1.87734596613
1.85666271203
1.84665779021
1.84823925758
1.83196640921
1.83564024546
1.84145058349
1.84918781883
1.83124529879
1.83610365847
1.82780288182
1.85139026666
1.82133587263
1.82782965723
1.85127256708
1.83340307862
1.84428401231
1.83646423537
1.81834641991
1.82375185732
1.83252043744
1.82010859796
1.82119502937
1.82871024698
1.81889842434
1.82231974508
1.82942665343
1.83160534366
1.82823572934
1.81801094992
1.83358580435
1.81412897979
1.83235180586
1.85927435217
1.85244358855
1.85616437826
1.85679951755
1.85466403039
1.87232070648
1.86536302739
1.89776929865
1.91648372721
1.88312097272
1.88713925233
1.86781012706
1.87121123583
1.86700373822
1.84656115425
1.84726168358
1.86651850551
1.83732282056
1.82760028529
1.81633697897
1.84215628015
1.84739632784
1.84710519951
1.84948793965
1.87095409947
1.85202332341
1.87192585657
1.87455299071
1.87470931268
1.84670252705
1.85614448116
1.85851127221
1.86404200654
1.84506730158
1.87371796252
1.8768446744
1.85538648641
1.85900208064
1.85540259185
1.8342321136
1.84523510538
1.85832175536
1.87282122049
0.790413100193
0.390413100193
0.386504867183
0.394528001371
0.384645894774
0.384420570994
0.39449645246
0.388858271109
0.405702919944
0.410546681656
0.402922634635
0.395213759546
0.464998314462
0.455744078667
0.447850262362
0.448405659513
0.44120204642
0.425012803284
0.43096481234
0.431286603238
0.428925448662
0.418762867977
0.422660168567
0.429000776325
0.423366283337
0.419580443324
0.421446845256
0.430778900547
0.420977580076
0.42180248431
0.421336666241
0.418581024259
0.423797787203
0.412689984844
0.415824645867
0.428742932618
0.441632977773
0.426280464222
0.419373304
0.455821818171
0.43374935412
0.428015823676
0.425154199933
0.424582750393
0.424144961095
0.422471198783
0.422167905158
0.424767481807
0.418712501135
0.416875030696
0.422035335974
0.418249081976
0.417399084255
0.416380550965
0.420232365604
0.419029881411
0.409141525844
0.430425968881
0.429185617475
0.418949965509
0.42207286708
0.417514596633
0.41047674492
0.414680108506
0.404956731082
0.411061503043
0.41940612415
0.403317433069
0.415481063931
0.422204316323
0.413758041779
0.451499559835
0.439471775746
0.445799931297
0.434090015027
0.430424552926
0.431740132013
0.43994854017
0.432689351923
0.428647542823
0.431227806716
0.438997262351
0.427594482419
0.448296503462
0.453148208933
0.446815801734
0.442350197171
0.449809243343
0.461044170258
0.436302180054
0.444734140439
0.44951191904
0.450976328837
0.439427032826
0.451507645033
0.444940148632
0.424420893051
0.447300882616
0.449564700732
0.443323120052
0.444091192183
0.443269311358
0.472242708795
0.873492646706
0.490413100193
0.486504867183
0.494528001371
0.484645894774
0.484420570994
0.49449645246
0.488858271109
0.505702919944
0.510546681656
0.502922634635
0.495213759546
0.564998314462
0.555744078667
0.547850262362
0.548405659513
0.54120204642
0.525012803284
0.53096481234
0.531286603238
0.528925448662
0.518762867977
0.522660168567
0.529000776325
0.523366283337
0.519580443324
0.521446845256
0.530778900547
0.520977580076
0.52180248431
0.521336666241
0.518581024259
0.523797787203
0.512689984844
0.515824645867
0.528742932618
0.541632977773
0.526280464222
0.519373304
0.555821818171
0.53374935412
0.528015823676
0.525154199933
0.524582750393
0.524144961095
0.522471198783
0.522167905158
0.524767481807
0.518712501135
0.516875030696
0.522035335974
0.518249081976
0.517399084255
0.516380550965
0.520232365604
0.519029881411
0.509141525844
0.530425968881
0.529185617475
0.518949965509
0.52207286708
0.517514596633
0.51047674492
0.514680108506
0.504956731082
0.511061503043
0.51940612415
0.503317433069
0.515481063931
0.522204316323
0.513758041779
0.551499559835
0.539471775746
0.545799931297
0.534090015027
0.530424552926
0.531740132013
0.53994854017
0.532689351923
0.528647542823
0.531227806716
0.538997262351
0.527594482419
0.548296503462
0.553148208933
0.546815801734
0.542350197171
0.549809243343
0.561044170258
0.536302180054
0.544734140439
0.54951191904
0.550976328837
0.539427032826
0.551507645033
0.544940148632
0.524420893051
0.547300882616
0.549564700732
0.543323120052
0.544091192183
0.543269311358
0.572242708795
0.973492646706
1.07349264671
1.08212881045
1.09453950443
1.09401396156
1.08562925695
1.08528692817
1.08334640142
1.08952293706
1.09274298829
1.09460165125
1.09584552823
1.09393511126
1.09427746702
1.09636587269
1.09652371851
1.09883349359
1.09868259371
1.10224062766
1.10926734143
1.1081581872
1.12169881253
1.1189585219
1.11315141057
1.10464494281
1.10230040329
1.10348295522
1.10403924961
1.09580437608
1.09759284238
1.09736391681
1.09944107896
1.10106131943
1.10103101263
1.09916478777
1.0993166805
1.09926318426
1.09682639117
1.09955640295
1.09995063693
1.09980191748
1.10074462689
1.1000431545
1.09994456989
1.10047425008
1.0996454623
1.10092154846
1.10025254615
1.09792696429
1.09886274508
1.09875700549
1.09746816355
1.09852291332
1.09769628019
1.09576550874
1.0945010979
1.09509421088
1.09702562837
1.09646466842
1.09665390215
1.09457782631
1.09525458669
1.09728192026
1.09745072714
1.09247109204
1.09034599116
1.09218996573
1.09031406497
1.09078285165
1.09116741744
1.09228306192
1.09280386144
1.09995219826
1.09257082228
1.09228377822
1.09284953851
1.09476098917
1.09319438943
1.0937440465
1.09454666793
1.09382097077
1.09452901205
1.09398445927
1.09455173627
1.09530465152
1.09269429261
1.08809597466
1.08862260536
1.09091492459
1.0943757413
1.09366338947
1.09214136635
1.0926651701
1.0929512682
1.09123854557
1.0926033127
1.09402647008
1.09214886892
1.09097208348
1.09282726244
1.09090774361
1.08756124086
1.08478881615
1.08587780409
1.087480605
1.0875231219
1.08782700855
1.08924810782
1.08918118114
1.08977517923
1.09137910561
1.09194814748
1.0927460246
1.79332588432
1.79278047714
1.59763542808
1.59763542808
1.62572066611
1.66392034298
1.70622085212
1.69418575334
1.67735073243
1.66876590748
1.64546912034
1.64692670663
1.79342255889
1.67805118405
1.67595178276
1.66912946369
1.68469325864
1.66984559059
1.684006449
1.64828693251
1.65661399429
1.66616101048
1.65940361535
1.66247896618
1.64666881505
1.69137660567
1.67152196384
1.66778557842
1.65454195763
1.67296518926
1.69123052974
1.6527436113
1.67242360182
1.67157978364
1.66799820825
1.67838993595
1.65668053209
1.68165597345
1.66673451595
1.6758744648
1.65463765493
1.6666671563
1.63719732788
1.66660895935
1.66952544579
1.67125945194
1.67252367395
1.65758411093
1.60971920362
1.63560516427
1.65769372966
1.63323003443
1.64416946534
1.64330281305
1.63579698152
1.6293253347
1.63507639004
1.63143877018
1.60389209068
1.57335560484
1.58837367136
1.62409841035
1.5823355622
1.58793309281
1.54871539407
1.53485280815
1.5496245032
1.54032743892
1.5403187326
1.5440224778
1.53585061164
1.58476524289
1.59534006802
1.5806483356
1.55479107541
1.55754015966
1.54642665824
1.53988005602
1.5614242831
1.56535996901
1.55713091767
1.57527456634
1.54695779747
1.52981233229
1.51777521878
1.54256208304
1.52698637933
1.53452122559
1.52672535064
1.52747682058
1.54935074247
1.53529704534
1.5299121231
1.50404128505
1.53390130237
1.53280059561
1.55559758104
1.51506569944
1.52833789408
1.53813507992
1.51563794401
1.51802937181
1.51579764283
1.50584557275
1.48397325132
1.74222321977
1.74222321977
1.69216802877
1.73705841607
1.75284266614
1.48948315978
1.7902090985
1.73307737157
1.72055858946
1.71526669514
1.69233870066
1.60204164159
1.55716471319
1.77749221328
1.71118660505
1.74394437875
1.7292510124
1.70694472985
1.69413516801
1.67871323792
1.68015774974
1.65884619066
1.65889179747
1.65784765258
1.65428779094
1.65971643566
1.63132422391
1.64216241674
1.66395013528
1.65993471772
1.67202228173
1.67057325534
1.64737256684
1.67105183214
1.66707604085
1.66623410086
1.64454727126
1.64997736315
1.64674009935
1.61370791287
1.63492586912
1.63662100052
1.61808394627
1.6344482168
1.63958864153
1.633523237
1.68545479754
1.66729529163
1.67193788609
1.66509822501
1.65420602109
1.6752666768
1.67258235128
1.67576250233
1.68286121267
1.69911721108
1.68902355438
1.67636614752
1.67944765212
1.65539424323
1.65997290323
1.67407819202
1.65696171133
1.66907246825
1.68256244321
1.68551286536
1.68967344344
1.68478340473
1.66327200472
1.67177485285
1.66059163597
1.67526995211
1.64833836003
1.67805245132
1.66195538231
1.66580717614
1.67247116658
1.67660794944
1.67230801964
1.67285711081
1.66563601694
1.67459221119
1.68386209453
1.67487787946
1.67098188773
1.66692131238
1.66198349372
1.67230667563
1.66900258256
1.6889110649
1.68851229674
1.67696719854
1.66222747702
1.68132808923
1.68192198071
1.68799311583
1.68842216129
1.67871619439
1.66820001162
1.6710042337
1.66284334181
1.67736414267
1.67264236021
1.67121260169
1.67405618462
1.67384664918
1.67320722443
1.66053162852
1.66324147363
1.66238750952
1.66484328771
1.64361189662
1.65561720056
1.6624020905
1.67093749203
1.65854647331
