0.901188758463
0.942952976275
0.911383216356
0.905314951849
0.897484655503
0.955910588538
0.920114695903
0.907011932647
0.880568531304
0.870840088204
0.890111660348
0.880206714418
0.841397162473
0.851464513223
0.839943430551
0.874257949212
0.863581902761
0.89113981267
0.868773357261
0.908790744335
0.923226504952
0.939109172499
0.936029010466
0.907321342795
0.908188798853
0.902617815971
0.903071669474
0.924571497267
0.903043672967
0.889034232772
0.893956749142
0.932590971633
0.914474844395
0.919081835634
0.915872534349
0.901735295901
0.900684993245
0.894355724525
0.885879306829
0.908990177426
0.894608071953
0.895087400345
0.89545115432
0.905447649107
0.931158760417
0.881008204918
0.896644335203
0.902784272084
0.910151038529
0.9173728543
0.927845311357
0.928670589586
0.919962574451
0.90611287845
0.915046359616
0.915837287827
0.912943112443
0.912279444832
0.907261836505
0.915892194383
0.925564726569
0.910846082989
0.902640894168
0.899663291887
0.905132823676
0.908044212592
0.903216076166
0.898816522545
0.893361719124
0.861827785948
0.896774089487
0.879344097527
0.887790655779
0.911358605968
0.911179574571
0.898735432841
0.898864771206
0.891958429756
0.876212158001
0.884078878056
0.867969623211
0.854994651135
0.825537862381
0.838231589096
0.884094627243
0.832865342402
0.868903098483
0.867293778622
0.827155168865
0.839448364464
0.857064254314
0.859416049213
0.833593204261
0.829442798218
0.850328372087
0.84913408164
0.835469616634
0.85107520403

