1.80408639581
2.09628763999
2.08957058338
2.04484702153
2.02310794215
2.12523220299
2.22591143762
2.05173509682
2.06685545503
2.02935415999
2.01401685202
2.00301439076
2.01294146778
1.99158766345
1.99337632581
2.00217028331
2.03424648794
2.04646277595
2.04735065288
2.03587866122
2.06351452894
2.10540188935
2.19365617905
2.12064529358
2.05321180646
2.04481428458
2.04001077339
2.0432841064
2.03798795584
2.01845269252
2.00111529441
2.0058259003
2.06944086737
2.04303661681
2.0353142581
2.02944714433
2.00169355284
2.01812805178
2.00742796523
2.01188984287
2.02550909207
2.01615239475
1.99479816047
2.01102673292
2.03982143393
2.02331907736
2.03628287311
2.00031218544
2.03028494065
2.03344015177
2.067340006
2.05248888561
2.04567853885
2.04620816741
2.04043637129
2.05682216197
2.04431956564
2.01898072577
2.02798504726
2.03018445699
2.04255391699
2.088491915
2.05382563132
2.05894789287
2.05332857966
2.0500917151
2.0406007583
2.03318080444
2.04091423895
2.05467420601
2.03889962872
2.0636636593
2.06468103061
2.11590462033
2.08557187869
2.09385665814
2.10826990737
2.08649593731
2.08836183648
2.09818001276
2.10085581559
2.10478451187
2.10152844266
2.07845757146
2.05455361479
2.07270907812
2.05966732695
2.07595376107
2.08983123152
2.06366618291
2.05742200259
2.09322404794
2.06569682218
2.08348806901
2.06814355478
2.07567885837
2.07947769808
2.07194948158
2.05134608473
1.38508572974
1.39196446475
1.19196446475
1.17551279133
1.15909793479
1.15910419465
1.19098974403
1.19648193693
1.22320628774
1.19278096784
1.20150769946
1.1798394868
1.17196014781
1.17481793346
1.18262574842
1.2036924956
1.21006417787
1.19806238126
1.18785384524
1.2341738464
1.2207594027
1.20063826137
1.21875896332
1.21133865754
1.20243770773
1.17952341885
1.18340301434
1.18900394511
1.19908192503
1.1879472553
1.19257651502
1.16847759544
1.19550926512
1.2073419965
1.20651936808
1.20034352073
1.21130280693
1.17960235831
1.20146577781
1.16188998614
1.15675433411
1.17264306106
1.21145125047
1.17822093925
1.16154274755
1.17225201488
1.16755283772
1.16942821115
1.16095317782
1.16523470447
1.15412876115
1.14997081211
1.15286560738
1.14291051018
1.17640248362
1.1868679323
1.15806315413
1.15871539199
1.18013880004
1.1588479891
1.14960844083
1.17454903523
1.1580935378
1.15013709706
1.19167193903
1.18733458229
1.18809360941
1.16793056688
1.13839993399
1.16490796652
1.1709116156
1.15294490889
1.12794265982
1.15335034163
1.16378517531
1.14889693986
1.20522484826
1.18306743055
1.15245837749
1.12969734104
1.16295953927
1.15904523968
1.15628676262
1.15586002266
1.15391376015
1.16274290137
1.17653781124
1.18135625992
1.15176533522
1.16664552335
1.16564412648
1.1151849336
1.18464176827
1.18151997144
1.17721613816
1.15373449803
1.11864785979
1.18819234501
1.17344295735
1.16333386258
1.16578760313
1.33500150917
1.58500150917
2.25594747138
2.2411835684
2.21489378341
2.2111227126
2.20208278112
2.19368471069
2.17709072391
2.18293243687
2.1810129347
2.18314850079
2.18421377196
2.19827091668
2.19198480082
2.18573554943
2.18208868844
2.1856149336
2.18159415066
2.1790971269
2.180060591
2.18113985803
2.17862102735
2.18125355561
2.1828736521
2.17860775404
2.17810938009
2.17153214626
2.18892115401
2.18141200594
2.18101917354
2.17419910262
2.18025824158
2.17994413576
2.16442579682
2.16798460925
2.16171495913
2.16016324626
2.15791813172
2.15690301979
2.15191667611
2.15047731167
2.15519076074
2.16181251402
2.15860184542
2.16196713119
2.17140080757
2.16631760743
2.16666568912
2.16315503672
2.17290136907
2.17166978737
2.17076225529
2.17469304256
2.17597589805
2.1773854366
2.1727554754
2.17307076749
2.17358962347
2.17242420648
2.16951238534
2.16726632133
2.16220385017
2.16625290125
2.16663527704
2.16237042903
2.17121930377
2.16876720897
2.16547463488
2.16435151924
2.16893146321
2.17420612294
2.16877678355
2.17208715133
2.1696706984
2.17021696928
2.17196688243
2.16818967823
2.1674891774
2.17456470485
2.17296443542
2.17178200535
2.17512649931
2.17885039453
2.17541449443
2.16942068046
2.15990774893
2.14581611634
2.14718499733
2.14557263362
2.14567620782
2.1427801035
2.14066529886
2.13726538236
2.1371381434
2.134854442
2.1266681936
2.12074748346
2.13192219597
2.13754990749
2.13149201103
2.12686273062
1.90389946793
2.05389946793
2.0046516034
2.00538772445
1.98799196225
1.96903979224
1.9627555469
1.98520381492
1.97842848296
1.96337631628
1.9495469448
1.96580302167
1.9461422741
1.94495104376
1.94742914088
1.94210359784
1.92063146563
1.92218362353
1.9245682164
1.89990718506
1.90398468037
1.8825519633
1.89020207652
1.88304995901
1.89092059389
1.89720212438
1.90129402534
1.88364628901
1.88431900431
1.87821590219
1.8776122387
1.88290567426
1.87777212682
1.8636060273
1.85584373826
1.84621042016
1.88508846137
1.88170736538
1.86395794396
1.85892123805
1.87526205595
1.87895345246
1.85840841432
1.86493642802
1.85976071179
1.86473769442
1.85054483575
1.85627654451
1.90384878655
1.91338806382
1.89450747624
1.88818130676
1.89324591237
1.86679296125
1.87195121802
1.87860191926
1.88250156406
1.86242685725
1.87466718316
1.88010829748
1.86584728933
1.86605820854
1.85068604396
1.8424796508
1.85751910769
1.84517569303
1.83686978739
1.83937087955
1.83762500778
1.86011444273
1.86426043514
1.84813516806
1.85034076189
1.84058675174
1.82081925285
1.82723458789
1.83299627533
1.82837176131
1.8372062369
1.81067476007
1.81463013958
1.85761618734
1.8419935371
1.84072879138
1.81965721527
1.82462355611
1.84352669534
1.83701553796
1.84137185672
1.84224366637
1.84510010891
1.84108540433
1.83454690416
1.8382223033
1.832774425
1.84264340672
1.84348715536
1.82621882276
1.82960403879
1.82950411888
1.81796659133
1.82030938109
1.85145112365
1.82242381375
1.82099590855
1.82305357718
1.82622780597
1.82057471416
1.82313935185
1.82345155838
1.82087947109
1.84391990159
1.83051748933
1.82662053528
1.81837450627
1.82879751441
1.81928792077
1.83295020174
1.83195292062
1.81595246443
1.81494593639
1.80817471818
1.81127525946
1.81649345713
1.38749337021
1.38800312174
1.37204158389
1.37590787958
1.41602830008
1.40656365643
1.39594031817
1.31893332669
1.32153742563
1.12153742563
1.11570727556
1.1106603034
1.10553398417
1.10792019091
1.11790193842
1.11417234313
1.10885751362
1.11218648583
1.10272724858
1.10057472874
1.10010129654
1.10249020422
1.09608164374
1.10094548336
1.1013379026
1.09765315745
1.08717678324
1.08549396513
1.084920785
1.09395870497
1.09108887699
1.09027135089
1.09133136949
1.09187258805
1.08813056497
1.08828643027
1.08636752534
1.08801649567
1.092921169
1.09349116165
1.10135553968
1.09356295271
1.09063730125
1.09902831353
1.09005598929
1.09734967123
1.09135445023
1.10364168932
1.09631114343
1.10073486935
1.10014433069
1.10016603149
1.0973336646
1.09610830587
1.09173481672
1.10099164513
1.09670285845
1.0962932303
1.09940442112
1.10069492361
1.08687817892
1.09650580064
1.0944153438
1.09563257621
1.09388764913
1.08965095356
1.09263139112
1.08346903314
1.09622252121
1.08883760346
1.09109775213
1.08725286127
1.08507450415
1.08907302912
1.08985396327
1.09820174447
1.09580788421
1.09128955885
1.08190693245
1.08940798822
1.08670974225
1.08479760794
1.08207521159
1.07597117396
1.08989254823
1.08682306563
1.08525844335
1.08264810455
1.08215069195
1.09391762575
1.08142144423
1.08075339806
1.07520751647
1.07402474264
1.07543905565
1.0767581612
1.0854989187
1.07416654707
1.07234983202
1.08627908469
1.07949987814
1.08727214709
1.0849886745
1.08828659488
1.07964106916
1.0785751866
1.07777667449
1.07658354131
1.07904765135
1.08541247023
1.08350785589
1.0877314273
1.08047813399
1.51301902408
1.51301902408
1.44331063542
1.43965912061
1.47499998341
1.43570317056
1.43345814115
1.45002380463
1.42890583522
1.43310098005
1.42793641344
1.43317522386
1.43092764612
1.43996288019
1.43627610471
1.43355369445
1.44151635409
1.44238537305
1.44223771985
1.43801186049
1.4417807553
1.44864337051
1.44246374948
1.43672350997
1.44598952717
1.45083280974
1.44761985736
1.43797888421
1.4511188128
1.44834642066
1.45149854478
1.44639392567
1.44615717096
1.44798951216
1.44833648207
1.44441203115
1.42826241538
1.43011998257
1.4403859223
1.42960889856
1.44029684245
1.43421608544
1.44308990851
1.44628316832
1.43376380113
1.44645631703
1.44657024133
1.43744184383
1.44804445355
1.44712014893
1.44799312308
1.44954505885
1.44514296952
1.44337382649
1.4480331198
1.44868339559
1.45948513043
1.35905329193
1.37929648861
1.39855539146
1.3916955712
1.38420649568
1.41888820543
1.38729837812
1.41346147078
1.40705077053
1.39564655597
1.41437216496
1.39708443716
1.38798464319
1.3984401864
1.3880402332
1.40276593256
1.37771636028
1.40963039562
1.39470125706
1.40960409423
1.41619797411
1.4139600357
1.41904488752
1.4106574337
1.4070489501
1.42518178112
1.3850324095
1.38075300158
1.39112228904
1.39343711946
1.37609334228
1.39809546621
1.40667245883
1.42181055619
1.39101694044
1.38796363236
1.39952764456
1.39241378289
1.39348635971
1.43987800754
1.40311301537
1.40850609277
1.38500079711
1.38749761797
1.39232518195
1.36544685198
1.73849470057
1.61301902408
1.54331063542
1.53965912061
1.57499998341
1.53570317056
1.53345814115
1.55002380463
1.52890583522
1.53310098005
1.52793641344
1.53317522386
1.53092764612
1.53996288019
1.53627610471
1.53355369445
1.54151635409
1.54238537305
1.54223771985
1.53801186049
1.5417807553
1.54864337051
1.54246374948
1.53672350997
1.54598952717
1.55083280974
1.54761985736
1.53797888421
1.5511188128
1.54834642066
1.55149854478
1.54639392567
1.54615717096
1.54798951216
1.54833648207
1.54441203115
1.52826241538
1.53011998257
1.5403859223
1.52960889856
1.54029684245
1.53421608544
1.54308990851
1.54628316832
1.53376380113
1.54645631703
1.54657024133
1.53744184383
1.54804445355
1.54712014893
1.54799312308
1.54954505885
1.54514296952
1.54337382649
1.5480331198
1.54868339559
1.55948513043
1.45905329193
1.47929648861
1.49855539146
1.4916955712
1.48420649568
1.51888820543
1.48729837812
1.51346147078
1.50705077053
1.49564655597
1.51437216496
1.49708443716
1.48798464319
1.4984401864
1.4880402332
1.50276593256
1.47771636028
1.50963039562
1.49470125706
1.50960409423
1.51619797411
1.5139600357
1.51904488752
1.5106574337
1.5070489501
1.52518178112
1.4850324095
1.48075300158
1.49112228904
1.49343711946
1.47609334228
1.49809546621
1.50667245883
1.52181055619
1.49101694044
1.48796363236
1.49952764456
1.49241378289
1.49348635971
1.53987800754
1.50311301537
1.50850609277
1.48500079711
1.48749761797
1.49232518195
1.46544685198
1.83849470057
1.53849470057
1.54576417241
1.55612848347
1.55409102395
1.54745780677
1.54716448224
1.54949670757
1.5519812433
1.55434515023
1.55525860963
1.55414982529
1.55537320594
1.55569639384
1.55401739104
1.55569362189
1.55338275286
1.55401429476
1.55108323601
1.56228163983
1.56212188966
1.57643493042
1.57442523276
1.57460556276
1.5679732419
1.57036184535
1.57112956334
1.57065966544
1.56161761618
1.5556443309
1.56085658336
1.56176814527
1.55779977868
1.55861377489
1.5524374358
1.5570300623
1.55759246394
1.55562182177
1.55404757447
1.5550047696
1.55327712899
1.55366591831
1.55561592326
1.55557315649
1.55645917365
1.55789828481
1.55539550497
1.55604375071
1.55533325448
1.55582314361
1.55380045425
1.55934482296
1.5582638428
1.55619172815
1.56017621663
1.5588353232
1.5564380269
1.56060822854
1.55689365876
1.55839003483
1.56105004021
1.55660065604
1.55821718449
1.55876398247
1.55842839186
1.56049191268
1.56049634413
1.56192740255
1.56557815568
1.56357416302
1.56024784318
1.55811127495
1.56591239164
1.55992194699
1.56020341056
1.56168365895
1.56149660452
1.56328708741
1.56222181511
1.56188449766
1.5634228732
1.56057381266
1.55921772812
1.56065069075
1.56147894036
1.56432145857
1.56204178347
1.5601589305
1.56327245907
1.55905119049
1.55851686753
1.56192188055
1.56004653281
1.5594706736
1.56034830348
1.55838795272
1.55941112581
1.56181289226
1.56136910321
1.55731944281
1.56248120639
1.56066178369
1.56462400493
1.5672695597
1.56383566136
1.56323709426
1.56695007881
1.56442705497
1.56423028107
1.56397302718
1.56270455085
1.56424517189
1.56353228104
1.47930330197
1.47798790543
0.379147972649
0.379147972649
0.417934220705
0.471872994943
0.514943938768
0.516769543599
0.499215286468
0.504057767936
0.486235591051
0.490487453675
0.619525640049
0.517569211099
0.517273078681
0.515338952312
0.523187975511
0.52313358229
0.526102797324
0.499018323248
0.51272212313
0.504021195029
0.511503696602
0.510996537325
0.504679029549
0.518131676643
0.510929581809
0.515920849351
0.495720113435
0.512061040699
0.534844461519
0.500379220014
0.510513209382
0.511230865664
0.496254609084
0.511426460099
0.498069243387
0.51231001903
0.508298572295
0.504251874728
0.514514488069
0.507861294554
0.508956989535
0.512774579066
0.528317237408
0.527804366087
0.537792097917
0.524552593543
0.507347207408
0.515100889646
0.529666891756
0.517348906346
0.529358151117
0.512773703158
0.512646925105
0.506589666958
0.507657950954
0.511955354545
0.50474374067
0.51263445239
0.508519025547
0.493208079423
0.512130616487
0.493929566499
0.476212079137
0.471679244896
0.478954032585
0.485467703978
0.466325810311
0.473025419785
0.479782971328
0.463708959193
0.46510400973
0.471079374756
0.479038342131
0.478926229204
0.469951607719
0.469584971226
0.498949889768
0.49159982401
0.493625035529
0.476291761527
0.482462011499
0.485648728401
0.485741599642
0.490078301301
0.492810845938
0.477994689402
0.481713664636
0.493181863806
0.487376895007
0.486793594217
0.492301952946
0.492245219604
0.494046696941
0.49825229801
0.478501376319
0.486395846238
0.496207244665
0.499430335924
0.503843657872
0.500721561689
0.502291017594
0.495209457758
0.479385162264
1.35044011484
1.35044011484
1.45583179905
1.38949270379
1.37216770299
1.22007014119
1.27986832438
1.27402867013
1.15476597809
1.16952976499
1.1060360286
1.10978037499
1.39306041463
1.19694127976
1.19619490973
1.14925830127
1.13562350063
1.11765766576
1.11734974522
1.10042740529
1.09512183635
1.09670238993
1.09821012623
1.09911316738
1.10399492757
1.09934850351
1.10078835697
1.09018352322
1.08381272313
1.08540871854
1.07901157762
1.07921668562
1.08581261238
1.08502745737
1.09004216997
1.08377932081
1.08953351144
1.08509589979
1.08774782528
1.10960297296
1.09358360716
1.0920636182
1.10007408309
1.10198329993
1.09960869545
1.09459163169
1.11202433901
1.10483025474
1.09532540441
1.08431363412
1.09079060051
1.10565191561
1.10356363745
1.10437154937
1.10553375522
1.10922930063
1.1031277067
1.09999199153
1.10043943593
1.12308002168
1.10642495923
1.1028635086
1.10223753837
1.10155237882
1.09870675434
1.09683742666
1.09442443102
1.09685459966
1.10368908643
1.10318567914
1.10178056305
1.12042497777
1.11138181925
1.10785042782
1.10575450069
1.11125503995
1.1079720979
1.10543646276
1.10468226175
1.1113470473
1.10813947602
1.10666276761
1.10679372571
1.11931519127
1.11903526632
1.12757452526
1.10935688878
1.10372374581
1.10323519617
1.10075997115
1.10395328513
1.10534727111
1.10731492219
1.11607812232
1.1225844496
1.11750095868
1.1219569936
1.11774559389
1.10931324671
1.12427118422
1.11124724879
1.12885510494
1.12327725462
1.11716847492
1.11046093864
1.11299827203
1.11921038658
1.11726146813
1.11296965812
1.11241433386
1.12909460917
1.11960477141
1.11074734872
1.1099087854
1.10780572425
1.11106040422
