0.163656202373
0.16150054032
0.162132293954
0.162239551262
0.161203274119
0.160981424953
0.16025867871
0.158589657323
0.159078156733
0.158391169181
0.12907080554
0.129318367303
0.65831591984
0.651476517809
0.641673024746
0.638624207938
0.632282496214
0.633231631296
0.626827718
0.624987850945
0.623652377623
0.623354757932
0.623657185576
0.62196114541
0.620740835987
0.622474629667
0.619501008437
0.620848129899
0.618727844138
0.617808567881
0.622989071618
0.618558699918
0.620681422641
0.617556490789
0.628336355743
0.622419680717
0.618374848528
0.622489236214
0.623345244469
0.619196038936
0.619871868794
0.622476712223
0.621762996342
0.626053628907
0.624364381589
0.622929236774
0.626502463225
0.621561448767
0.626285991526
0.613527404052
0.620155415439
0.610077742418
0.618681864131
0.615217239593
0.614848229243
0.61162193726
0.609096175702
0.601684792633
0.605009727037
0.607985443508
0.605453275365
0.604349203152
0.610332739135
0.608536734308
0.608622341937
0.609035470788
0.607487565653
0.601169410672
0.59219656459
0.597081560256
0.613195400761
0.594101969542
0.600228460559
0.596725990026
0.591400501241
0.596656599517
0.58459763636
0.595594742226
0.593803161638
0.591393676106
0.613327785198
0.618803418608
0.604765482492
0.596633302007
0.59334274404
0.59521290756
0.598892108563
0.588850631169
0.60044877406
0.590680020384
0.603714829523
0.593830819167
0.586704338275
0.582462741693
0.586331590669
0.584054986442
0.593868780918
0.586310754972
0.581393409925
0.590866999525
0.584872147044
0.581034576375
0.57434723053
0.589888136388
0.580966677866
0.598009552385
0.581295969045
0.578586844028
0.58264175115
0.57137404093
0.573252571941
0.568818686311
0.569362537106
