0.746704719066
0.746704719066
0.739952252256
0.730248186986
0.727489674112
0.720980882067
0.721869791256
0.715332965753
0.713353224086
0.711990401564
0.712823782615
0.712248926425
0.710627925595
0.709235782271
0.711262122724
0.707688538462
0.709589834573
0.707162068766
0.706006785318
0.711759310897
0.70692563989
0.709037812549
0.705663092524
0.717210865198
0.711155865855
0.707011567732
0.711106341883
0.711998196532
0.708025866773
0.708373676721
0.711289451657
0.710556834687
0.715087354384
0.713285173979
0.711484211425
0.715335527696
0.71025737222
0.715286288539
0.701964288383
0.709030829374
0.698150598278
0.70740834403
0.703534603879
0.703347903285
0.699931457023
0.697579417072
0.689063309866
0.693159166127
0.696277349747
0.693262676516
0.692213997219
0.698521205398
0.69646067984
0.696510714149
0.697172444456
0.695297486392
0.688402453898
0.678009861822
0.68355540672
0.701088511099
0.680300001345
0.687242490153
0.682777010975
0.67745648478
0.68260006092
0.670886627931
0.681865140427
0.680084211136
0.677003518653
0.700587712064
0.706032267923
0.692254325905
0.682898981134
0.680153984569
0.681681835621
0.684563571643
0.675145962037
0.68616519577
0.676836957254
0.690654637112
0.679699923428
0.672086560362
0.667553384152
0.67227849433
0.669103420171
0.679232472287
0.671790045357
0.666745085046
0.676906809582
0.670730883719
0.666634619322
0.659066834351
0.674645605457
0.666381700545
