1.60408639581
1.89628763999
1.88957058338
1.84484702153
1.82310794215
1.92523220299
2.02591143762
1.85173509682
1.86685545503
1.82935415999
1.81401685202
1.80301439076
1.81294146778
1.79158766345
1.79337632581
1.80217028331
1.83424648794
1.84646277595
1.84735065288
1.83587866122
1.86351452894
1.90540188935
1.99365617905
1.92064529358
1.85321180646
1.84481428458
1.84001077339
1.8432841064
1.83798795584
1.81845269252
1.80111529441
1.8058259003
1.86944086737
1.84303661681
1.8353142581
1.82944714433
1.80169355284
1.81812805178
1.80742796523
1.81188984287
1.82550909207
1.81615239475
1.79479816047
1.81102673292
1.83982143393
1.82331907736
1.83628287311
1.80031218544
1.83028494065
1.83344015177
1.867340006
1.85248888561
1.84567853885
1.84620816741
1.84043637129
1.85682216197
1.84431956564
1.81898072577
1.82798504726
1.83018445699
1.84255391699
1.888491915
1.85382563132
1.85894789287
1.85332857966
1.8500917151
1.8406007583
1.83318080444
1.84091423895
1.85467420601
1.83889962872
1.8636636593
1.86468103061
1.91590462033
1.88557187869
1.89385665814
1.90826990737
1.88649593731
1.88836183648
1.89818001276
1.90085581559
1.90478451187
1.90152844266
1.87845757146
1.85455361479
1.87270907812
1.85966732695
1.87595376107
1.88983123152
1.86366618291
1.85742200259
1.89322404794
1.86569682218
1.88348806901
1.86814355478
1.87567885837
1.87947769808
1.87194948158
1.85134608473
1.18508572974
1.19196446475
1.17551279133
1.15909793479
1.15910419465
1.19098974403
1.19648193693
1.22320628774
1.19278096784
1.20150769946
1.1798394868
1.17196014781
1.17481793346
1.18262574842
1.2036924956
1.21006417787
1.19806238126
1.18785384524
1.2341738464
1.2207594027
1.20063826137
1.21875896332
1.21133865754
1.20243770773
1.17952341885
1.18340301434
1.18900394511
1.19908192503
1.1879472553
1.19257651502
1.16847759544
1.19550926512
1.2073419965
1.20651936808
1.20034352073
1.21130280693
1.17960235831
1.20146577781
1.16188998614
1.15675433411
1.17264306106
1.21145125047
1.17822093925
1.16154274755
1.17225201488
1.16755283772
1.16942821115
1.16095317782
1.16523470447
1.15412876115
1.14997081211
1.15286560738
1.14291051018
1.17640248362
1.1868679323
1.15806315413
1.15871539199
1.18013880004
1.1588479891
1.14960844083
1.17454903523
1.1580935378
1.15013709706
1.19167193903
1.18733458229
1.18809360941
1.16793056688
1.13839993399
1.16490796652
1.1709116156
1.15294490889
1.12794265982
1.15335034163
1.16378517531
1.14889693986
1.20522484826
1.18306743055
1.15245837749
1.12969734104
1.16295953927
1.15904523968
1.15628676262
1.15586002266
1.15391376015
1.16274290137
1.17653781124
1.18135625992
1.15176533522
1.16664552335
1.16564412648
1.1151849336
1.18464176827
1.18151997144
1.17721613816
1.15373449803
1.11864785979
1.18819234501
1.17344295735
1.16333386258
1.16578760313
1.33500150917
2.00594747138
1.9911835684
1.96489378341
1.9611227126
1.95208278112
1.94368471069
1.92709072391
1.93293243687
1.9310129347
1.93314850079
1.93421377196
1.94827091668
1.94198480082
1.93573554943
1.93208868844
1.9356149336
1.93159415066
1.9290971269
1.930060591
1.93113985803
1.92862102735
1.93125355561
1.9328736521
1.92860775404
1.92810938009
1.92153214626
1.93892115401
1.93141200594
1.93101917354
1.92419910262
1.93025824158
1.92994413576
1.91442579682
1.91798460925
1.91171495913
1.91016324626
1.90791813172
1.90690301979
1.90191667611
1.90047731167
1.90519076074
1.91181251402
1.90860184542
1.91196713119
1.92140080757
1.91631760743
1.91666568912
1.91315503672
1.92290136907
1.92166978737
1.92076225529
1.92469304256
1.92597589805
1.9273854366
1.9227554754
1.92307076749
1.92358962347
1.92242420648
1.91951238534
1.91726632133
1.91220385017
1.91625290125
1.91663527704
1.91237042903
1.92121930377
1.91876720897
1.91547463488
1.91435151924
1.91893146321
1.92420612294
1.91877678355
1.92208715133
1.9196706984
1.92021696928
1.92196688243
1.91818967823
1.9174891774
1.92456470485
1.92296443542
1.92178200535
1.92512649931
1.92885039453
1.92541449443
1.91942068046
1.90990774893
1.89581611634
1.89718499733
1.89557263362
1.89567620782
1.8927801035
1.89066529886
1.88726538236
1.8871381434
1.884854442
1.8766681936
1.87074748346
1.88192219597
1.88754990749
1.88149201103
1.87686273062
1.65389946793
1.6046516034
1.60538772445
1.58799196225
1.56903979224
1.5627555469
1.58520381492
1.57842848296
1.56337631628
1.5495469448
1.56580302167
1.5461422741
1.54495104376
1.54742914088
1.54210359784
1.52063146563
1.52218362353
1.5245682164
1.49990718506
1.50398468037
1.4825519633
1.49020207652
1.48304995901
1.49092059389
1.49720212438
1.50129402534
1.48364628901
1.48431900431
1.47821590219
1.4776122387
1.48290567426
1.47777212682
1.4636060273
1.45584373826
1.44621042016
1.48508846137
1.48170736538
1.46395794396
1.45892123805
1.47526205595
1.47895345246
1.45840841432
1.46493642802
1.45976071179
1.46473769442
1.45054483575
1.45627654451
1.50384878655
1.51338806382
1.49450747624
1.48818130676
1.49324591237
1.46679296125
1.47195121802
1.47860191926
1.48250156406
1.46242685725
1.47466718316
1.48010829748
1.46584728933
1.46605820854
1.45068604396
1.4424796508
1.45751910769
1.44517569303
1.43686978739
1.43937087955
1.43762500778
1.46011444273
1.46426043514
1.44813516806
1.45034076189
1.44058675174
1.42081925285
1.42723458789
1.43299627533
1.42837176131
1.4372062369
1.41067476007
1.41463013958
1.45761618734
1.4419935371
1.44072879138
1.41965721527
1.42462355611
1.44352669534
1.43701553796
1.44137185672
1.44224366637
1.44510010891
1.44108540433
1.43454690416
1.4382223033
1.432774425
1.44264340672
1.44348715536
1.42621882276
1.42960403879
1.42950411888
1.41796659133
1.42030938109
1.45145112365
1.42242381375
1.42099590855
1.42305357718
1.42622780597
1.42057471416
1.42313935185
1.42345155838
1.42087947109
1.44391990159
1.43051748933
1.42662053528
1.41837450627
1.42879751441
1.41928792077
1.43295020174
1.43195292062
1.41595246443
1.41494593639
1.40817471818
1.41127525946
1.41649345713
0.98749337021
0.988003121744
0.972041583886
0.975907879584
1.01602830008
1.00656365643
0.995940318172
0.918933326689
0.921537425634
0.91570727556
0.910660303403
0.905533984167
0.907920190906
0.917901938423
0.914172343129
0.90885751362
0.912186485832
0.902727248578
0.900574728738
0.900101296536
0.902490204225
0.896081643744
0.900945483359
0.901337902601
0.89765315745
0.887176783243
0.885493965127
0.884920785005
0.893958704972
0.891088876995
0.890271350895
0.891331369493
0.891872588054
0.888130564969
0.888286430274
0.886367525339
0.888016495669
0.892921168999
0.89349116165
0.901355539675
0.89356295271
0.890637301251
0.899028313533
0.890055989294
0.897349671234
0.891354450231
0.903641689325
0.896311143427
0.900734869352
0.900144330694
0.900166031488
0.897333664597
0.896108305867
0.891734816725
0.900991645127
0.896702858454
0.896293230304
0.899404421115
0.900694923609
0.886878178925
0.896505800637
0.894415343803
0.895632576214
0.893887649131
0.889650953558
0.892631391117
0.883469033141
0.89622252121
0.888837603458
0.891097752127
0.887252861265
0.885074504154
0.889073029122
0.889853963272
0.898201744466
0.895807884207
0.891289558854
0.881906932447
0.889407988223
0.88670974225
0.884797607937
0.882075211592
0.875971173963
0.889892548227
0.886823065634
0.885258443351
0.882648104554
0.882150691948
0.893917625754
0.881421444231
0.880753398057
0.875207516467
0.874024742645
0.875439055649
0.876758161197
0.885498918705
0.874166547067
0.872349832021
0.886279084694
0.879499878143
0.887272147095
0.884988674504
0.888286594883
0.879641069163
0.878575186598
0.877776674495
0.876583541311
0.879047651355
0.885412470234
0.883507855888
0.887731427295
0.880478133989
1.31301902408
1.24331063542
1.23965912061
1.27499998341
1.23570317056
1.23345814115
1.25002380463
1.22890583522
1.23310098005
1.22793641344
1.23317522386
1.23092764612
1.23996288019
1.23627610471
1.23355369445
1.24151635409
1.24238537305
1.24223771985
1.23801186049
1.2417807553
1.24864337051
1.24246374948
1.23672350997
1.24598952717
1.25083280974
1.24761985736
1.23797888421
1.2511188128
1.24834642066
1.25149854478
1.24639392567
1.24615717096
1.24798951216
1.24833648207
1.24441203115
1.22826241538
1.23011998257
1.2403859223
1.22960889856
1.24029684245
1.23421608544
1.24308990851
1.24628316832
1.23376380113
1.24645631703
1.24657024133
1.23744184383
1.24804445355
1.24712014893
1.24799312308
1.24954505885
1.24514296952
1.24337382649
1.2480331198
1.24868339559
1.25948513043
1.15905329193
1.17929648861
1.19855539146
1.1916955712
1.18420649568
1.21888820543
1.18729837812
1.21346147078
1.20705077053
1.19564655597
1.21437216496
1.19708443716
1.18798464319
1.1984401864
1.1880402332
1.20276593256
1.17771636028
1.20963039562
1.19470125706
1.20960409423
1.21619797411
1.2139600357
1.21904488752
1.2106574337
1.2070489501
1.22518178112
1.1850324095
1.18075300158
1.19112228904
1.19343711946
1.17609334228
1.19809546621
1.20667245883
1.22181055619
1.19101694044
1.18796363236
1.19952764456
1.19241378289
1.19348635971
1.23987800754
1.20311301537
1.20850609277
1.18500079711
1.18749761797
1.19232518195
1.16544685198
1.53849470057
1.54576417241
1.55612848347
1.55409102395
1.54745780677
1.54716448224
1.54949670757
1.5519812433
1.55434515023
1.55525860963
1.55414982529
1.55537320594
1.55569639384
1.55401739104
1.55569362189
1.55338275286
1.55401429476
1.55108323601
1.56228163983
1.56212188966
1.57643493042
1.57442523276
1.57460556276
1.5679732419
1.57036184535
1.57112956334
1.57065966544
1.56161761618
1.5556443309
1.56085658336
1.56176814527
1.55779977868
1.55861377489
1.5524374358
1.5570300623
1.55759246394
1.55562182177
1.55404757447
1.5550047696
1.55327712899
1.55366591831
1.55561592326
1.55557315649
1.55645917365
1.55789828481
1.55539550497
1.55604375071
1.55533325448
1.55582314361
1.55380045425
1.55934482296
1.5582638428
1.55619172815
1.56017621663
1.5588353232
1.5564380269
1.56060822854
1.55689365876
1.55839003483
1.56105004021
1.55660065604
1.55821718449
1.55876398247
1.55842839186
1.56049191268
1.56049634413
1.56192740255
1.56557815568
1.56357416302
1.56024784318
1.55811127495
1.56591239164
1.55992194699
1.56020341056
1.56168365895
1.56149660452
1.56328708741
1.56222181511
1.56188449766
1.5634228732
1.56057381266
1.55921772812
1.56065069075
1.56147894036
1.56432145857
1.56204178347
1.5601589305
1.56327245907
1.55905119049
1.55851686753
1.56192188055
1.56004653281
1.5594706736
1.56034830348
1.55838795272
1.55941112581
1.56181289226
1.56136910321
1.55731944281
1.56248120639
1.56066178369
1.56462400493
1.5672695597
1.56383566136
1.56323709426
1.56695007881
1.56442705497
1.56423028107
1.56397302718
1.56270455085
1.56424517189
1.56353228104
1.47930330197
1.47798790543
0.379147972649
0.417934220705
0.471872994943
0.514943938768
0.516769543599
0.499215286468
0.504057767936
0.486235591051
0.490487453675
0.619525640049
0.517569211099
0.517273078681
0.515338952312
0.523187975511
0.52313358229
0.526102797324
0.499018323248
0.51272212313
0.504021195029
0.511503696602
0.510996537325
0.504679029549
0.518131676643
0.510929581809
0.515920849351
0.495720113435
0.512061040699
0.534844461519
0.500379220014
0.510513209382
0.511230865664
0.496254609084
0.511426460099
0.498069243387
0.51231001903
0.508298572295
0.504251874728
0.514514488069
0.507861294554
0.508956989535
0.512774579066
0.528317237408
0.527804366087
0.537792097917
0.524552593543
0.507347207408
0.515100889646
0.529666891756
0.517348906346
0.529358151117
0.512773703158
0.512646925105
0.506589666958
0.507657950954
0.511955354545
0.50474374067
0.51263445239
0.508519025547
0.493208079423
0.512130616487
0.493929566499
0.476212079137
0.471679244896
0.478954032585
0.485467703978
0.466325810311
0.473025419785
0.479782971328
0.463708959193
0.46510400973
0.471079374756
0.479038342131
0.478926229204
0.469951607719
0.469584971226
0.498949889768
0.49159982401
0.493625035529
0.476291761527
0.482462011499
0.485648728401
0.485741599642
0.490078301301
0.492810845938
0.477994689402
0.481713664636
0.493181863806
0.487376895007
0.486793594217
0.492301952946
0.492245219604
0.494046696941
0.49825229801
0.478501376319
0.486395846238
0.496207244665
0.499430335924
0.503843657872
0.500721561689
0.502291017594
0.495209457758
0.479385162264
1.35044011484
1.45583179905
1.38949270379
1.37216770299
1.22007014119
1.27986832438
1.27402867013
1.15476597809
1.16952976499
1.1060360286
1.10978037499
1.39306041463
1.19694127976
1.19619490973
1.14925830127
1.13562350063
1.11765766576
1.11734974522
1.10042740529
1.09512183635
1.09670238993
1.09821012623
1.09911316738
1.10399492757
1.09934850351
1.10078835697
1.09018352322
1.08381272313
1.08540871854
1.07901157762
1.07921668562
1.08581261238
1.08502745737
1.09004216997
1.08377932081
1.08953351144
1.08509589979
1.08774782528
1.10960297296
1.09358360716
1.0920636182
1.10007408309
1.10198329993
1.09960869545
1.09459163169
1.11202433901
1.10483025474
1.09532540441
1.08431363412
1.09079060051
1.10565191561
1.10356363745
1.10437154937
1.10553375522
1.10922930063
1.1031277067
1.09999199153
1.10043943593
1.12308002168
1.10642495923
1.1028635086
1.10223753837
1.10155237882
1.09870675434
1.09683742666
1.09442443102
1.09685459966
1.10368908643
1.10318567914
1.10178056305
1.12042497777
1.11138181925
1.10785042782
1.10575450069
1.11125503995
1.1079720979
1.10543646276
1.10468226175
1.1113470473
1.10813947602
1.10666276761
1.10679372571
1.11931519127
1.11903526632
1.12757452526
1.10935688878
1.10372374581
1.10323519617
1.10075997115
1.10395328513
1.10534727111
1.10731492219
1.11607812232
1.1225844496
1.11750095868
1.1219569936
1.11774559389
1.10931324671
1.12427118422
1.11124724879
1.12885510494
1.12327725462
1.11716847492
1.11046093864
1.11299827203
1.11921038658
1.11726146813
1.11296965812
1.11241433386
1.12909460917
1.11960477141
1.11074734872
1.1099087854
1.10780572425
1.11106040422
1.71450637597
1.70864994748
1.70524231066
1.76427648556
1.84603876909
1.98595971405
