0.478376056485
0.332289864696
0.254601496411
0.269896025804
0.268707699562
0.322367056198
0.324492695085
0.273471478931
0.286781652967
0.303408630922
0.313821269295
0.280615161903
0.293936207226
0.338299270793
0.323795559303
0.33488121884
0.329718155013
0.365348375803
0.321220981623
0.346141767486
0.287123665255
0.284417640722
0.327485755041
0.282016990456
0.275910847024
0.272982390557
0.276593590613
0.279379513388
0.262805998141
0.280701542879
0.292670184104
0.282731093113
0.283814208686
0.291814993423
0.265275668317
0.274783975859
0.281392510023
0.277828858268
0.27969700744
0.321692302276
0.290226696149
0.296659545617
0.285780375909
0.282120385773
0.286407019669
0.251934802696
0.307049482726
0.272879184715
0.280365094294
0.273283553215
0.292476802992
0.271474917195
0.264969683482
0.271329681451
0.283492522632
0.291864861435
0.285532981591
0.277046963941
0.273918248144
0.277464765612
0.28245433314
0.302396095047
0.291535187142
0.302516724054
0.322895237597
0.303150717075
0.291570039885
0.290408489666
0.299132602416
0.311373759294
0.357951456795
0.335225504562
0.342879198812
0.383035190825
0.325881529175
0.318159902951
0.347089262662
0.332045655855
0.339590267225
0.362500637038
0.355411171464
0.379351317896
0.392855685163
0.430427456997
0.382069302835
0.331354090431
0.400623844615
0.358027842863
0.369490247938
0.416472088736
0.404654037162
0.391567497044
0.375866903698
0.411930039848
0.423651325604
0.38670856969
0.392532932491
0.409255565487
0.371576156649
1.90326356858
1.90950114021
1.89894845505
1.88978427193
1.88555754811
1.8901652277
1.8943844037
1.90159039776
1.89238136361
1.89312876352
1.87989713542
1.87615962826
1.87514736672
1.87760454198
1.86112270474
1.86527042783
1.86547159555
1.86881349033
1.884298229
1.86556147217
1.86608049939
1.87134137326
1.86750487965
1.86399331058
1.85643417667
1.86078408835
1.86167299191
1.85804502916
1.85470337847
1.86044094094
1.84967225589
1.86167788513
1.86617282236
1.8664662538
1.8651714413
1.86610272708
1.85221004012
1.86366375868
1.84772179377
1.84692360889
1.85329189411
1.85698334262
1.85363504695
1.83785142401
1.84620106457
1.84413663724
1.84926222581
1.84493698916
1.85793989042
1.85410229873
1.85129711758
1.8518932633
1.83966306815
1.85134932516
1.85778022062
1.84727495228
1.84313168316
1.85357218042
1.84298633214
1.84511887362
1.83986160146
1.84109878744
1.85412053809
1.85248452495
1.83444383666
1.84352936364
1.85574942108
1.8366302439
1.83064335036
1.82980292584
1.8385694454
1.82196985671
1.82718543584
1.83737832658
1.81212292373
1.83046836358
1.81718879321
1.79897196333
1.79624312557
1.82206979347
1.8355489114
1.84054306229
1.82712927134
1.80168183238
1.82981680302
1.82506545393
1.84100050997
1.81500799803
1.80788548141
1.81059511952
1.79031242979
1.82356254957
1.80770491855
1.81471452233
1.8071634978
1.79146613699
1.81118942858
1.81376961055
1.80965848481
1.79871163161
1.04793203676
2.03334091852
2.02977447822
1.98576608141
1.9680386557
1.94464477305
1.92097254048
1.90984064403
1.91315133402
1.90811952014
1.91217308533
1.91080378719
1.91918902186
1.91528114093
1.91452188109
1.90013246321
1.90455221623
1.90262706437
1.89444310936
1.89076754863
1.88199572962
1.89756588169
1.88357296051
1.88705289907
1.86310648333
1.86383065907
1.8564792163
1.87022107986
1.85659646879
1.84830337124
1.85297734428
1.84660924951
1.84427622316
1.86712331769
1.84868016789
1.85494549098
1.85347000504
1.83457217877
1.84098337763
1.83395503005
1.83670364669
1.8305195467
1.8296777359
1.8400533612
1.82964632993
1.83121451288
1.8283973891
1.8312641899
1.84974699672
1.83317862995
1.82778548371
1.83248287533
1.8370038152
1.83672994442
1.83355954303
1.82969490107
1.84429190338
1.83209966684
1.82998554334
1.82823880491
1.82393443862
1.83317402067
1.82591832627
1.81960480571
1.82837593069
1.82490479233
1.82459050309
1.82184314609
1.81881970411
1.82288997028
1.8216877699
1.82496804541
1.82727790164
1.82095270242
1.82524317977
1.82406069937
1.82137487822
1.81724141509
1.82434741466
1.82208108851
1.82255525687
1.82169551512
1.82466810275
1.82403341602
1.82302604865
1.81881267754
1.80999045681
1.81060366642
1.80817874133
1.81137847202
1.80759586983
1.80485966867
1.80282468495
1.80277326882
1.80025688266
1.79589215652
1.79107431641
1.79780885059
1.80192100707
1.79752798036
1.79375856635
2.29627177103
2.26674436777
2.26499658591
2.2397517834
2.22348581177
2.22440512686
2.23697358494
2.2257088951
2.2194247867
2.20427237573
2.22544167264
2.19883423677
2.19903218605
2.19387136974
2.19045992309
2.18250233513
2.18782860246
2.19015818156
2.17030654849
2.17280455648
2.15342851263
2.16236040808
2.16691864612
2.16929177841
2.16817290466
2.1721369229
2.16714399856
2.15784375293
2.15627961978
2.15063561212
2.15748004094
2.15700094975
2.14948950115
2.14814884251
2.15265293658
2.14988831651
2.1685988397
2.15292428231
2.14720655036
2.16118926644
2.16351241095
2.14198209511
2.1450307486
2.13688438052
2.14044076267
2.13882088148
2.13834467207
2.16184614223
2.14362020045
2.12632246612
2.11721573672
2.11659506513
2.13251493827
2.13570295572
2.11897852899
2.11833255293
2.09850367316
2.13016796742
2.12160950501
2.11678559552
2.11663265904
2.09939719574
2.08582575522
2.15822819174
2.15193504026
2.12833833422
2.13774087206
2.12213694031
2.13942403458
2.14010228318
2.11243232203
2.11563394413
2.11757538417
2.09518197454
2.09765062691
2.11586177562
2.08330270474
2.07966750704
2.09872868607
2.09921692544
2.11698015581
2.11694880396
2.09887471393
2.10084552878
2.1154675107
2.11113575794
2.10399386395
2.07945607739
2.10556316894
2.09978719448
2.0643327147
2.07288113631
2.06834208471
2.08093106645
2.09076638683
2.0849351945
2.08650722452
2.08053759676
2.06961333348
2.07474263422
2.06950367915
2.07988605238
2.09307301636
2.08229348587
2.07306701114
2.06397927782
2.07418950728
2.06750990857
2.0683912962
2.06781660238
2.07305612866
2.09954031459
2.06867733557
2.07355749736
2.06450352793
2.09672372058
2.10195943912
2.08090035235
2.06013941268
2.06460133046
2.06088384644
2.0729925863
2.06599079471
1.92780042712
1.9125766871
2.09842880232
2.08909535312
2.13259841398
2.12378195388
2.10323920232
1.94439299208
1.95886119848
1.9287947406
1.94258347066
1.95732552523
1.95827399462
1.94324735768
1.94572388995
1.95198627271
1.93929373143
1.93002783735
1.93352180328
1.95116073918
1.9334358221
1.91673988416
1.92416942579
1.94465824488
1.92370149063
1.9571786152
1.95402500976
1.94703624654
1.93285494082
1.93610990735
1.9277604297
1.92108116713
1.92635552132
1.92424019597
1.93464628182
1.9262669832
1.92461484531
1.91318086927
1.92203081771
1.9040448178
1.90968309133
1.90455423748
1.90277186526
1.90912854627
1.88652207262
1.88933659596
1.86819569574
1.88446196038
1.87536565885
1.87414746051
1.86923922074
1.8620734395
1.86851767398
1.87038375778
1.86601054276
1.86803109551
1.86293129786
1.86620571662
1.86126852248
1.8747028479
1.86272064784
1.86969426123
1.86747026724
1.86646805406
1.86078565971
1.85730015029
1.86725689648
1.84961668817
1.85501362152
1.8684123633
1.86807924332
1.86831971402
1.86542042741
1.86963903985
1.92457076264
1.9030028461
1.9037483739
1.9117322453
1.89007240598
1.88906512841
1.89012227757
1.8986173818
1.91553952251
1.87869703138
1.90633379856
1.93203728079
1.87769170264
1.86610579983
1.86029948771
1.87121107226
1.89054265567
1.90116658873
1.89779130202
1.88484006424
1.88297672423
1.89316624001
1.89286530452
1.89679572547
1.87316924863
1.88959760755
1.8763478616
1.87713290369
1.87543719139
1.88042100646
1.88236921488
1.8699491565
1.87042176228
1.86588682347
1.85727429364
1.86835723767
1.86953322525
1.88525251999
1.46517650852
1.52058185812
1.52325823689
1.48812579942
1.51307750141
1.4912589014
1.4714320453
1.51701284573
1.50934405871
1.50505090379
1.49907554398
1.45536041073
1.48015347094
1.4736831358
1.47278877373
1.46549372722
1.48683220331
1.48414352207
1.47855089699
1.48578327833
1.47170107
1.48231725029
1.48052716989
1.46762743534
1.48150339432
1.4726875869
1.46553538641
1.4751038628
1.4724143952
1.44141164479
1.45426384445
1.45739803419
1.45480646616
1.4517024089
1.50042024724
1.47864558335
1.48518418413
1.48604065781
1.46759142479
1.47342490037
1.47317178984
1.47438965819
1.46860110437
1.46065091246
1.46103211491
1.45796975245
1.4594166973
1.45478696317
1.45630762865
1.44335701339
1.46838519204
1.45795702911
1.46940977401
1.46145475958
1.45724160294
1.45256400476
1.47411892105
1.46449945847
1.46487392153
1.46053590644
1.46549684258
1.46540035118
1.46338311845
1.45745746709
1.44767184749
1.45752246138
1.47395875441
1.45542047572
1.44244204026
1.44367439674
1.45335141191
1.44945588345
1.43830398289
1.42370878492
1.43354693
1.43710619426
1.46555344456
1.45055884894
1.43437520324
1.4406180991
1.41569942141
1.42721433813
1.4109958011
1.40543516003
1.41976109116
1.41513592522
1.4100622743
1.38772348374
1.4283687681
1.38910879612
1.3905078186
1.39652410459
1.41025355533
1.38461582484
1.38999917466
1.4049111036
1.38274172058
1.36559440943
1.39439596937
1.38172532855
1.38675819313
1.35791159429
1.11147386461
1.12762367733
1.12428996637
1.12363709468
1.12574674997
1.12598058614
1.12557309892
1.12463190686
1.12287438379
1.12270300089
1.12279363131
1.1230119897
1.12285181803
1.123213301
1.12514846975
1.12489204231
1.12615780609
1.12620314995
1.10715298367
1.11446020455
1.11002402856
1.10674692072
1.08652384554
1.08913741396
1.09661033455
1.10892436082
1.10806632568
1.11020126598
1.09974587803
1.11286453045
1.11030333417
1.11408530818
1.11414872785
1.09360667214
1.11017598833
1.111696484
1.09859598329
1.10165628061
1.10414020744
1.09735627359
1.10250675897
1.10588657015
1.10651452542
1.11193065851
1.11215547082
1.10843729995
1.10883712795
1.09660633911
1.10219450953
1.0946456723
1.10915973521
1.1094567105
1.10076751514
1.108631532
1.1003968497
1.09439202284
1.10102339142
1.09845194212
1.10785435584
1.10641388343
1.09253338885
1.10379706272
1.10552012201
1.09170598434
1.09391791296
1.10016344554
1.09696458237
1.11294242012
1.10738812804
1.09689706047
1.09123070792
1.08742104212
1.09888699006
1.09699489802
1.10329994021
1.10976638415
1.11025872977
1.10864959367
1.11205114733
1.11389155932
1.10775544621
1.10127453641
1.10758290821
1.11336590932
1.11364771448
1.09211033136
1.0933250102
1.10645535356
1.10140925407
1.09770387884
1.10373345789
1.09971216864
1.09940403547
1.09612874315
1.09369114735
1.10207287227
1.10331142657
1.09970217885
1.09153255388
1.10312572902
1.08990348891
1.0914888061
1.10415085364
1.09912012874
1.09623996576
1.10918346302
1.10570707817
1.10477077264
1.10616518042
1.10738673028
1.11263509833
1.11272816147
1.35701808419
1.35593770847
2.0484087172
2.06380154645
2.08584668573
2.11001048013
2.10351393903
2.09099021169
2.08883925393
2.07381955695
2.07653485355
2.15799564407
2.09254121083
2.08988852395
2.0845440187
2.09104214743
2.07803018286
2.08417015439
2.06585896266
2.06733090062
2.07366184329
2.07007223392
2.0702039612
2.06152427436
2.09013688053
2.08027434145
2.07878307907
2.06876442586
2.07978009929
2.08582286205
2.06088389256
2.07800073467
2.07728186443
2.05035046801
2.0581965642
2.05202793091
2.06688909592
2.05464488255
2.06324907202
2.04876970627
2.06016787599
2.0408578773
2.05992641855
2.06420143059
2.07360244625
2.07309486862
2.06538313004
2.02261355973
2.04610396072
2.06225884891
2.03900598621
2.03961658158
2.04608122682
2.0299458801
2.03186028389
2.04238589584
2.03769611206
2.01216295621
1.98442590507
1.99619598801
2.01794267222
1.98772146647
1.98273909171
1.96547867848
1.94669776709
1.96983931419
1.9389594121
1.95471403722
1.9480018414
1.95065846124
2.00602238035
2.00752971585
1.97401065409
1.954128503
1.93793377413
1.93956899328
1.96460758724
1.94358209604
1.98773597228
1.95306155331
1.98584424497
1.96198078622
1.94474569736
1.94314509567
1.94739319055
1.95337529264
1.97364612568
1.94006836081
1.93467710559
1.95211014363
1.94572849388
1.93423448593
1.93707792881
1.9749361317
1.93754688556
1.98336582331
1.93725770256
1.94175822446
1.95194243808
1.92551226983
1.93058390373
1.9255763887
1.91684776529
1.91548470275
1.89616032281
1.66369745242
1.66539965059
1.69193726907
1.58914007575
1.87095016839
1.89809114898
1.73942803964
1.7192031084
1.81421517466
1.64393988081
1.99313468037
1.84639674462
1.69963768098
1.7587213812
1.74667007365
1.73529671918
1.72986152185
1.71605572904
1.71654904037
1.70063691943
1.7028120688
1.70545939997
1.70370752655
1.70303707185
1.69090322594
1.69044563648
1.70235441091
1.69602110049
1.70600015524
1.70633952206
1.68939860979
1.70611144165
1.70428237177
1.70374218017
1.69100469691
1.69503485402
1.69393644094
1.68075641252
1.69051441078
1.68889322498
1.67319507082
1.68008770029
1.68787959315
1.68135892577
1.72244902164
1.71666938084
1.7187543013
1.71018727274
1.70399761563
1.77517630649
1.71387858542
1.71554020554
1.71967066969
1.73082073949
1.72456185788
1.71696436601
1.71687306026
1.70858202992
1.70614282071
1.7177358669
1.70587435578
1.71532314005
1.72313853969
1.72074444511
1.72555856256
1.72282557679
1.70764626811
1.71081479087
1.70924781864
1.73242160531
1.70793145901
1.73046971612
1.71565996364
1.72298840285
1.72888393223
1.73016968665
1.72133259254
1.7246529776
1.72353346245
1.72649272506
1.72874004017
1.72649696299
1.72932851672
1.73337900184
1.72387003823
1.72393035366
1.72408486532
1.73602205186
1.73391014546
1.72789016814
1.72356856008
1.73575974706
1.73889946158
1.74020259898
1.74267102428
1.7362232495
1.72847388085
1.73564222856
1.72560512665
1.73768998404
1.73385395101
1.73131975206
1.73171459481
1.73265775803
1.73296851661
1.72678847211
1.72639677158
1.72664887266
1.73405177219
1.71794878265
1.72120820621
1.72478187081
1.7288011667
1.7199080362
1.1066828784
1.10891438466
1.1111815721
0.335402929189
0.372099876461
1.98739667174
