0.478376056485
0.332289864696
0.254601496411
0.269896025804
0.268707699562
0.322367056198
0.324492695085
0.273471478931
0.286781652967
0.303408630922
0.313821269295
0.280615161903
0.293936207226
0.338299270793
0.323795559303
0.33488121884
0.329718155013
0.365348375803
0.321220981623
0.346141767486
0.287123665255
0.284417640722
0.327485755041
0.282016990456
0.275910847024
0.272982390557
0.276593590613
0.279379513388
0.262805998141
0.280701542879
0.292670184104
0.282731093113
0.283814208686
0.291814993423
0.265275668317
0.274783975859
0.281392510023
0.277828858268
0.27969700744
0.321692302276
0.290226696149
0.296659545617
0.285780375909
0.282120385773
0.286407019669
0.251934802696
0.307049482726
0.272879184715
0.280365094294
0.273283553215
0.292476802992
0.271474917195
0.264969683482
0.271329681451
0.283492522632
0.291864861435
0.285532981591
0.277046963941
0.273918248144
0.277464765612
0.28245433314
0.302396095047
0.291535187142
0.302516724054
0.322895237597
0.303150717075
0.291570039885
0.290408489666
0.299132602416
0.311373759294
0.357951456795
0.335225504562
0.342879198812
0.383035190825
0.325881529175
0.318159902951
0.347089262662
0.332045655855
0.339590267225
0.362500637038
0.355411171464
0.379351317896
0.392855685163
0.430427456997
0.382069302835
0.331354090431
0.400623844615
0.358027842863
0.369490247938
0.416472088736
0.404654037162
0.391567497044
0.375866903698
0.411930039848
0.423651325604
0.38670856969
0.392532932491
0.409255565487
0.371576156649
1.90326356858
1.90950114021
2.10950114021
2.09894845505
2.08978427193
2.08555754811
2.0901652277
2.0943844037
2.10159039776
2.09238136361
2.09312876352
2.07989713542
2.07615962826
2.07514736672
2.07760454198
2.06112270474
2.06527042783
2.06547159555
2.06881349033
2.084298229
2.06556147217
2.06608049939
2.07134137326
2.06750487965
2.06399331058
2.05643417667
2.06078408835
2.06167299191
2.05804502916
2.05470337847
2.06044094094
2.04967225589
2.06167788513
2.06617282236
2.0664662538
2.0651714413
2.06610272708
2.05221004012
2.06366375868
2.04772179377
2.04692360889
2.05329189411
2.05698334262
2.05363504695
2.03785142401
2.04620106457
2.04413663724
2.04926222581
2.04493698916
2.05793989042
2.05410229873
2.05129711758
2.0518932633
2.03966306815
2.05134932516
2.05778022062
2.04727495228
2.04313168316
2.05357218042
2.04298633214
2.04511887362
2.03986160146
2.04109878744
2.05412053809
2.05248452495
2.03444383666
2.04352936364
2.05574942108
2.0366302439
2.03064335036
2.02980292584
2.0385694454
2.02196985671
2.02718543584
2.03737832658
2.01212292373
2.03046836358
2.01718879321
1.99897196333
1.99624312557
2.02206979347
2.0355489114
2.04054306229
2.02712927134
2.00168183238
2.02981680302
2.02506545393
2.04100050997
2.01500799803
2.00788548141
2.01059511952
1.99031242979
2.02356254957
2.00770491855
2.01471452233
2.0071634978
1.99146613699
2.01118942858
2.01376961055
2.00965848481
1.99871163161
1.24793203676
1.09793203676
2.08334091852
2.07977447822
2.03576608141
2.0180386557
1.99464477305
1.97097254048
1.95984064403
1.96315133402
1.95811952014
1.96217308533
1.96080378719
1.96918902186
1.96528114093
1.96452188109
1.95013246321
1.95455221623
1.95262706437
1.94444310936
1.94076754863
1.93199572962
1.94756588169
1.93357296051
1.93705289907
1.91310648333
1.91383065907
1.9064792163
1.92022107986
1.90659646879
1.89830337124
1.90297734428
1.89660924951
1.89427622316
1.91712331769
1.89868016789
1.90494549098
1.90347000504
1.88457217877
1.89098337763
1.88395503005
1.88670364669
1.8805195467
1.8796777359
1.8900533612
1.87964632993
1.88121451288
1.8783973891
1.8812641899
1.89974699672
1.88317862995
1.87778548371
1.88248287533
1.8870038152
1.88672994442
1.88355954303
1.87969490107
1.89429190338
1.88209966684
1.87998554334
1.87823880491
1.87393443862
1.88317402067
1.87591832627
1.86960480571
1.87837593069
1.87490479233
1.87459050309
1.87184314609
1.86881970411
1.87288997028
1.8716877699
1.87496804541
1.87727790164
1.87095270242
1.87524317977
1.87406069937
1.87137487822
1.86724141509
1.87434741466
1.87208108851
1.87255525687
1.87169551512
1.87466810275
1.87403341602
1.87302604865
1.86881267754
1.85999045681
1.86060366642
1.85817874133
1.86137847202
1.85759586983
1.85485966867
1.85282468495
1.85277326882
1.85025688266
1.84589215652
1.84107431641
1.84780885059
1.85192100707
1.84752798036
1.84375856635
2.34627177103
2.89627177103
2.86674436777
2.86499658591
2.8397517834
2.82348581177
2.82440512686
2.83697358494
2.8257088951
2.8194247867
2.80427237573
2.82544167264
2.79883423677
2.79903218605
2.79387136974
2.79045992309
2.78250233513
2.78782860246
2.79015818156
2.77030654849
2.77280455648
2.75342851263
2.76236040808
2.76691864612
2.76929177841
2.76817290466
2.7721369229
2.76714399856
2.75784375293
2.75627961978
2.75063561212
2.75748004094
2.75700094975
2.74948950115
2.74814884251
2.75265293658
2.74988831651
2.7685988397
2.75292428231
2.74720655036
2.76118926644
2.76351241095
2.74198209511
2.7450307486
2.73688438052
2.74044076267
2.73882088148
2.73834467207
2.76184614223
2.74362020045
2.72632246612
2.71721573672
2.71659506513
2.73251493827
2.73570295572
2.71897852899
2.71833255293
2.69850367316
2.73016796742
2.72160950501
2.71678559552
2.71663265904
2.69939719574
2.68582575522
2.75822819174
2.75193504026
2.72833833422
2.73774087206
2.72213694031
2.73942403458
2.74010228318
2.71243232203
2.71563394413
2.71757538417
2.69518197454
2.69765062691
2.71586177562
2.68330270474
2.67966750704
2.69872868607
2.69921692544
2.71698015581
2.71694880396
2.69887471393
2.70084552878
2.7154675107
2.71113575794
2.70399386395
2.67945607739
2.70556316894
2.69978719448
2.6643327147
2.67288113631
2.66834208471
2.68093106645
2.69076638683
2.6849351945
2.68650722452
2.68053759676
2.66961333348
2.67474263422
2.66950367915
2.67988605238
2.69307301636
2.68229348587
2.67306701114
2.66397927782
2.67418950728
2.66750990857
2.6683912962
2.66781660238
2.67305612866
2.69954031459
2.66867733557
2.67355749736
2.66450352793
2.69672372058
2.70195943912
2.68090035235
2.66013941268
2.66460133046
2.66088384644
2.6729925863
2.66599079471
2.52780042712
2.5125766871
2.69842880232
2.68909535312
2.73259841398
2.72378195388
2.70323920232
2.54439299208
2.55886119848
2.35886119848
2.3287947406
2.34258347066
2.35732552523
2.35827399462
2.34324735768
2.34572388995
2.35198627271
2.33929373143
2.33002783735
2.33352180328
2.35116073918
2.3334358221
2.31673988416
2.32416942579
2.34465824488
2.32370149063
2.3571786152
2.35402500976
2.34703624654
2.33285494082
2.33610990735
2.3277604297
2.32108116713
2.32635552132
2.32424019597
2.33464628182
2.3262669832
2.32461484531
2.31318086927
2.32203081771
2.3040448178
2.30968309133
2.30455423748
2.30277186526
2.30912854627
2.28652207262
2.28933659596
2.26819569574
2.28446196038
2.27536565885
2.27414746051
2.26923922074
2.2620734395
2.26851767398
2.27038375778
2.26601054276
2.26803109551
2.26293129786
2.26620571662
2.26126852248
2.2747028479
2.26272064784
2.26969426123
2.26747026724
2.26646805406
2.26078565971
2.25730015029
2.26725689648
2.24961668817
2.25501362152
2.2684123633
2.26807924332
2.26831971402
2.26542042741
2.26963903985
2.32457076264
2.3030028461
2.3037483739
2.3117322453
2.29007240598
2.28906512841
2.29012227757
2.2986173818
2.31553952251
2.27869703138
2.30633379856
2.33203728079
2.27769170264
2.26610579983
2.26029948771
2.27121107226
2.29054265567
2.30116658873
2.29779130202
2.28484006424
2.28297672423
2.29316624001
2.29286530452
2.29679572547
2.27316924863
2.28959760755
2.2763478616
2.27713290369
2.27543719139
2.28042100646
2.28236921488
2.2699491565
2.27042176228
2.26588682347
2.25727429364
2.26835723767
2.26953322525
2.28525251999
1.86517650852
1.46517650852
1.52058185812
1.52325823689
1.48812579942
1.51307750141
1.4912589014
1.4714320453
1.51701284573
1.50934405871
1.50505090379
1.49907554398
1.45536041073
1.48015347094
1.4736831358
1.47278877373
1.46549372722
1.48683220331
1.48414352207
1.47855089699
1.48578327833
1.47170107
1.48231725029
1.48052716989
1.46762743534
1.48150339432
1.4726875869
1.46553538641
1.4751038628
1.4724143952
1.44141164479
1.45426384445
1.45739803419
1.45480646616
1.4517024089
1.50042024724
1.47864558335
1.48518418413
1.48604065781
1.46759142479
1.47342490037
1.47317178984
1.47438965819
1.46860110437
1.46065091246
1.46103211491
1.45796975245
1.4594166973
1.45478696317
1.45630762865
1.44335701339
1.46838519204
1.45795702911
1.46940977401
1.46145475958
1.45724160294
1.45256400476
1.47411892105
1.46449945847
1.46487392153
1.46053590644
1.46549684258
1.46540035118
1.46338311845
1.45745746709
1.44767184749
1.45752246138
1.47395875441
1.45542047572
1.44244204026
1.44367439674
1.45335141191
1.44945588345
1.43830398289
1.42370878492
1.43354693
1.43710619426
1.46555344456
1.45055884894
1.43437520324
1.4406180991
1.41569942141
1.42721433813
1.4109958011
1.40543516003
1.41976109116
1.41513592522
1.4100622743
1.38772348374
1.4283687681
1.38910879612
1.3905078186
1.39652410459
1.41025355533
1.38461582484
1.38999917466
1.4049111036
1.38274172058
1.36559440943
1.39439596937
1.38172532855
1.38675819313
1.35791159429
1.11147386461
1.56517650852
1.62058185812
1.62325823689
1.58812579942
1.61307750141
1.5912589014
1.5714320453
1.61701284573
1.60934405871
1.60505090379
1.59907554398
1.55536041073
1.58015347094
1.5736831358
1.57278877373
1.56549372722
1.58683220331
1.58414352207
1.57855089699
1.58578327833
1.57170107
1.58231725029
1.58052716989
1.56762743534
1.58150339432
1.5726875869
1.56553538641
1.5751038628
1.5724143952
1.54141164479
1.55426384445
1.55739803419
1.55480646616
1.5517024089
1.60042024724
1.57864558335
1.58518418413
1.58604065781
1.56759142479
1.57342490037
1.57317178984
1.57438965819
1.56860110437
1.56065091246
1.56103211491
1.55796975245
1.5594166973
1.55478696317
1.55630762865
1.54335701339
1.56838519204
1.55795702911
1.56940977401
1.56145475958
1.55724160294
1.55256400476
1.57411892105
1.56449945847
1.56487392153
1.56053590644
1.56549684258
1.56540035118
1.56338311845
1.55745746709
1.54767184749
1.55752246138
1.57395875441
1.55542047572
1.54244204026
1.54367439674
1.55335141191
1.54945588345
1.53830398289
1.52370878492
1.53354693
1.53710619426
1.56555344456
1.55055884894
1.53437520324
1.5406180991
1.51569942141
1.52721433813
1.5109958011
1.50543516003
1.51976109116
1.51513592522
1.5100622743
1.48772348374
1.5283687681
1.48910879612
1.4905078186
1.49652410459
1.51025355533
1.48461582484
1.48999917466
1.5049111036
1.48274172058
1.46559440943
1.49439596937
1.48172532855
1.48675819313
1.45791159429
1.21147386461
1.31147386461
1.32762367733
1.32428996637
1.32363709468
1.32574674997
1.32598058614
1.32557309892
1.32463190686
1.32287438379
1.32270300089
1.32279363131
1.3230119897
1.32285181803
1.323213301
1.32514846975
1.32489204231
1.32615780609
1.32620314995
1.30715298367
1.31446020455
1.31002402856
1.30674692072
1.28652384554
1.28913741396
1.29661033455
1.30892436082
1.30806632568
1.31020126598
1.29974587803
1.31286453045
1.31030333417
1.31408530818
1.31414872785
1.29360667214
1.31017598833
1.311696484
1.29859598329
1.30165628061
1.30414020744
1.29735627359
1.30250675897
1.30588657015
1.30651452542
1.31193065851
1.31215547082
1.30843729995
1.30883712795
1.29660633911
1.30219450953
1.2946456723
1.30915973521
1.3094567105
1.30076751514
1.308631532
1.3003968497
1.29439202284
1.30102339142
1.29845194212
1.30785435584
1.30641388343
1.29253338885
1.30379706272
1.30552012201
1.29170598434
1.29391791296
1.30016344554
1.29696458237
1.31294242012
1.30738812804
1.29689706047
1.29123070792
1.28742104212
1.29888699006
1.29699489802
1.30329994021
1.30976638415
1.31025872977
1.30864959367
1.31205114733
1.31389155932
1.30775544621
1.30127453641
1.30758290821
1.31336590932
1.31364771448
1.29211033136
1.2933250102
1.30645535356
1.30140925407
1.29770387884
1.30373345789
1.29971216864
1.29940403547
1.29612874315
1.29369114735
1.30207287227
1.30331142657
1.29970217885
1.29153255388
1.30312572902
1.28990348891
1.2914888061
1.30415085364
1.29912012874
1.29623996576
1.30918346302
1.30570707817
1.30477077264
1.30616518042
1.30738673028
1.31263509833
1.31272816147
1.55701808419
1.55593770847
2.2484087172
2.2484087172
2.26380154645
2.28584668573
2.31001048013
2.30351393903
2.29099021169
2.28883925393
2.27381955695
2.27653485355
2.35799564407
2.29254121083
2.28988852395
2.2845440187
2.29104214743
2.27803018286
2.28417015439
2.26585896266
2.26733090062
2.27366184329
2.27007223392
2.2702039612
2.26152427436
2.29013688053
2.28027434145
2.27878307907
2.26876442586
2.27978009929
2.28582286205
2.26088389256
2.27800073467
2.27728186443
2.25035046801
2.2581965642
2.25202793091
2.26688909592
2.25464488255
2.26324907202
2.24876970627
2.26016787599
2.2408578773
2.25992641855
2.26420143059
2.27360244625
2.27309486862
2.26538313004
2.22261355973
2.24610396072
2.26225884891
2.23900598621
2.23961658158
2.24608122682
2.2299458801
2.23186028389
2.24238589584
2.23769611206
2.21216295621
2.18442590507
2.19619598801
2.21794267222
2.18772146647
2.18273909171
2.16547867848
2.14669776709
2.16983931419
2.1389594121
2.15471403722
2.1480018414
2.15065846124
2.20602238035
2.20752971585
2.17401065409
2.154128503
2.13793377413
2.13956899328
2.16460758724
2.14358209604
2.18773597228
2.15306155331
2.18584424497
2.16198078622
2.14474569736
2.14314509567
2.14739319055
2.15337529264
2.17364612568
2.14006836081
2.13467710559
2.15211014363
2.14572849388
2.13423448593
2.13707792881
2.1749361317
2.13754688556
2.18336582331
2.13725770256
2.14175822446
2.15194243808
2.12551226983
2.13058390373
2.1255763887
2.11684776529
2.11548470275
2.09616032281
2.09616032281
1.86369745242
1.86539965059
1.89193726907
1.78914007575
2.07095016839
2.09809114898
1.93942803964
1.9192031084
2.01421517466
1.84393988081
2.19313468037
2.04639674462
1.89963768098
1.9587213812
1.94667007365
1.93529671918
1.92986152185
1.91605572904
1.91654904037
1.90063691943
1.9028120688
1.90545939997
1.90370752655
1.90303707185
1.89090322594
1.89044563648
1.90235441091
1.89602110049
1.90600015524
1.90633952206
1.88939860979
1.90611144165
1.90428237177
1.90374218017
1.89100469691
1.89503485402
1.89393644094
1.88075641252
1.89051441078
1.88889322498
1.87319507082
1.88008770029
1.88787959315
1.88135892577
1.92244902164
1.91666938084
1.9187543013
1.91018727274
1.90399761563
1.97517630649
1.91387858542
1.91554020554
1.91967066969
1.93082073949
1.92456185788
1.91696436601
1.91687306026
1.90858202992
1.90614282071
1.9177358669
1.90587435578
1.91532314005
1.92313853969
1.92074444511
1.92555856256
1.92282557679
1.90764626811
1.91081479087
1.90924781864
1.93242160531
1.90793145901
1.93046971612
1.91565996364
1.92298840285
1.92888393223
1.93016968665
1.92133259254
1.9246529776
1.92353346245
1.92649272506
1.92874004017
1.92649696299
1.92932851672
1.93337900184
1.92387003823
1.92393035366
1.92408486532
1.93602205186
1.93391014546
1.92789016814
1.92356856008
1.93575974706
1.93889946158
1.94020259898
1.94267102428
1.9362232495
1.92847388085
1.93564222856
1.92560512665
1.93768998404
1.93385395101
1.93131975206
1.93171459481
1.93265775803
1.93296851661
1.92678847211
1.92639677158
1.92664887266
1.93405177219
1.91794878265
1.92120820621
1.92478187081
1.9288011667
1.9199080362
