-35.8315384615
-38.3291358025
-38.4765060241
-37.5812658228
-37.2536144578
-39.6475268817
-39.7740425532
-39.6733695652
-37.6818390805
-38.3243373494
-37.3389873418
-38.0904819277
-39.9848514851
-39.5017857143
-40.0223333333
-39.8910465116
-39.7360416667
-40.4823255814
-42.6600970874
-42.4577906977
-37.7304444444
-42.632244898
-40.6525
-39.8977380952
-40.458875
-39.8962637363
-39.7058888889
-40.2710227273
-39.8625287356
-39.6074489796
-41.4163157895
-37.5996385542
-40.4361702128
-40.1185555556
-40.4961111111
-39.5496428571
-38.1862244898
-38.0285869565
-40.5721052632
