-52.5751086957
-51.4169565217
-52.8177906977
-53.3448809524
-55.0903960396
-53.0623170732
-53.7872826087
-52.5531868132
-47.5681707317
-50.6166326531
-49.4682716049
-52.5709090909
-49.8596511628
-51.1478409091
-47.0136
-50.1142528736
-49.7893023256
-49.9804761905
-50.3202247191
-48.8085227273
-44.8605434783
-47.1877906977
-46.072987013
-56.0564788732
-52.6521348315
-51.4988607595
-52.6201234568
-51.1307792208
-53.131875
-53.229375
-53.3682926829
-54.4412195122
-54.357
-54.8192105263
-56.6538636364
-55.6587368421
-55.1004597701
