-17.6846052632
-16.9905194805
-18.0713414634
-19.4702380952
-18.789382716
-18.824
-21.1239325843
-17.973125
-18.5543209877
-17.7324418605
-17.0797368421
-18.3003409091
-17.5497959184
-18.1988505747
-17.0809782609
-19.7094791667
-18.5130681818
-15.7526829268
-16.5791011236
-16.7944086022
-17.3852873563
-15.837816092
-17.4966666667
-18.6516853933
-15.9269767442
-17.474787234
-18.3137373737
-17.4673404255
-17.2861702128
-17.6583
-17.6893258427
-19.3007954545
-16.4132978723
-16.6760227273
-56.0564788732
