-60.1976829268
-57.246097561
-57.265952381
-59.5753409091
-59.7139772727
-59.9639130435
-58.5548148148
-58.1877108434
-59.1278125
-59.3442
-57.8516483516
-58.5528571429
-58.5515217391
-57.5828571429
-61.9073
-61.644245283
-60.2106140351
-59.6564948454
-59.4069
-63.2075
-60.6481914894
-62.8818947368
-61.1431868132
-61.4181914894
-64.1790243902
-61.4480412371
-61.8450458716
-62.7711538462
-64.2788333333
-62.8955670103
-61.2848453608
-61.693960396
-59.1228421053
-60.9646938776
-61.6769298246

-57.1953658537
