34.9673076923
33.6924691358
32.6418072289
33.2589873418
34.2239759036
33.7194623656
33.844893617
33.6666304348
35.7932183908
34.3224096386
34.4950632911
34.8227710843
35.9330693069
34.0173809524
34.6326666667
34.076627907
35.9492708333
33.2979069767
34.0137864078
30.9398837209
35.9058888889
32.7373469388
34.9390625
34.3132142857
33.0075
35.4096703297
35.4774444444
34.6215909091
34.8127586207
36.7444897959
34.2092631579
35.8657831325
34.9621276596
34.5854444444
34.3433333333
33.9528571429
37.6266326531
37.2113043478
35.0328421053
