1.70697502844
2.06490137078
2.03043416484
1.99330821868
1.96936875253
2.04815161616
2.15796893629
2.01329335033
2.01227184484
1.97910997736
1.9702999956
1.9532188506
1.96291773128
1.96012724071
1.94854699101
1.94557178251
2.00467786738
2.04335522231
2.02488866635
2.02512081069
2.01170522585
2.03603949291
2.12531170793
2.04381803571
1.99492957243
1.98851910057
1.97978332661
1.98488654314
1.99022791587
1.97782648467
1.96915352148
1.9651068356
2.04310456685
2.02135958311
1.99159749226
1.98936904924
1.95683422142
1.97518953755
1.96138017707
2.00265895117
2.00501926802
1.99380523666
1.96793078419
1.97186648183
2.00233763939
1.98218401613
1.99330973568
1.94936602772
1.98488944532
1.99028540075
2.03196346845
2.01352024385
2.0060347171
2.00431868122
1.99788516881
2.02027789333
2.01039939413
1.98188341538
1.98622432432
1.98680039298
2.00654920344
2.05528556653
2.01444714522
2.02206355331
2.03632432291
2.02108654721
2.00786854044
1.99954149008
2.00847347352
2.02343583424
2.03117450011
2.04964549789
2.03931895676
2.10818792555
2.06155830351
2.05645691908
2.07981966379
2.05726410844
2.05752228599
2.068983156
2.06830685301
2.07557326439
2.07290995657
2.07664058309
2.02950438762
2.03774358083
2.04569075232
2.04665600638
2.0603983997
2.05664511465
2.06464737313
2.0683801624
2.05579581655
2.06193777404
2.0735176604
2.05471400837
2.06123335126
2.06200824141
2.0330458382
1.90852753595
1.91089636735
1.89729854013
1.87850450866
1.87826955777
1.89923950238
1.90348902292
1.92118741873
1.90174983215
1.90419936797
1.88682379585
1.87671622855
1.87782423198
1.88275503018
1.90821432142
1.91252526421
1.90129636416
1.89652512837
1.924175326
1.92009180328
1.90244518953
1.91315642005
1.90598546172
1.89928001334
1.8798587709
1.87741415421
1.87955998138
1.88690866007
1.88355561085
1.88408372151
1.8684036953
1.88210457513
1.89245099671
1.89174233679
1.88327761943
1.89285059242
1.87258044775
1.88799942937
1.85435042999
1.84915424896
1.85853848165
1.87902008081
1.86337602147
1.84594482043
1.85050406387
1.84932653833
1.8475079959
1.84049783359
1.84321890858
1.83705717393
1.83681089122
1.83974187492
1.82909729354
1.85744169389
1.86165125536
1.83397754212
1.83639863875
1.8492377675
1.83655732797
1.84137645508
1.84770521
1.83590538773
1.82799931162
1.86012454823
1.84881153382
1.8451482034
1.83685898612
1.81441292046
1.83183158887
1.82907143332
1.81894394281
1.79664763968
1.81781165096
1.82517563641
1.80825842785
1.85086704525
1.83265731134
1.80817943812
1.79410581742
1.8141817619
1.81807645201
1.81732641908
1.81391103884
1.80460271388
1.81992974487
1.82646426553
1.8327941335
1.81333409262
1.81613735264
1.81475870409
1.77040242467
1.81840212082
1.81956786905
1.82462984819
1.80094973664
1.77284500474
1.81867377913
1.81749044517
1.81050019077
1.8120959888
1.4774886258
1.58372658079
1.58503986426
1.55733525606
1.54888847273
1.54676231393
1.54470048916
1.52661932077
1.53819597228
1.53661076228
1.54535153992
1.5452773037
1.56310492236
1.55740287108
1.54899971411
1.54959530907
1.55712784465
1.54911155958
1.5462884534
1.54907498115
1.55135500885
1.55210532412
1.55729685822
1.56173391293
1.55407533177
1.55224524684
1.54553728261
1.56595191388
1.55970490365
1.55657374704
1.55677773605
1.55881443865
1.5560917972
1.54731487913
1.54916091608
1.53844068664
1.53560322688
1.53467543399
1.53306783402
1.52939282837
1.53399270448
1.53506207777
1.54014561872
1.54052095088
1.54397154866
1.54992648871
1.54891081949
1.55152270334
1.5543346192
1.55936717709
1.55876829142
1.55840892416
1.56322552297
1.564285584
1.56834727793
1.56655248046
1.57114289689
1.57194495909
1.57006006428
1.56614770319
1.56442322749
1.56292357534
1.56253094452
1.56202498043
1.55839401296
1.56907076616
1.56591730612
1.56231377398
1.55704744046
1.56504517861
1.56710779234
1.56518247601
1.56705960401
1.56201284892
1.5651864132
1.56479356468
1.56328785047
1.56288867065
1.5706762759
1.56937326953
1.56459838854
1.57151714933
1.57698649633
1.57414856619
1.56979157493
1.56576351995
1.54736682155
1.55026142597
1.55312567752
1.55139804437
1.54687647381
1.54767940738
1.5447287952
1.54441546887
1.54291943566
1.53207360135
1.52685037803
1.54101478004
1.54932334465
1.54375055124
1.54109735876
1.66088183827
1.61915161158
1.62039499656
1.60788162196
1.58912772776
1.58305816114
1.60373994923
1.59171982259
1.58376254488
1.57464004121
1.58442246825
1.57790795716
1.57690169338
1.58245399559
1.57578068339
1.55204284363
1.55377984789
1.55139267829
1.52826652063
1.53087854325
1.50893425516
1.51835110662
1.51158053518
1.52239974787
1.52707857034
1.52521085237
1.51267933746
1.5128310486
1.50653929414
1.50430358218
1.5056173902
1.50247633065
1.48809873454
1.47810652507
1.4698949706
1.51406705258
1.50819478557
1.4978610386
1.4957437502
1.51094206061
1.51369256723
1.49766630118
1.50796818089
1.50344862312
1.50758409046
1.49381919119
1.4969765509
1.53572214649
1.54547860161
1.53026772521
1.52630852888
1.52949898972
1.50558357201
1.5098594096
1.52089392499
1.52299225063
1.50519531849
1.51780711532
1.5208921317
1.5101460965
1.51248423376
1.49419279034
1.4874031661
1.50409043114
1.49621788912
1.48505322367
1.48275259095
1.48265348493
1.50459469359
1.50751657097
1.49539576986
1.49651508015
1.48535330346
1.47040892407
1.47519242074
1.47743458452
1.47510994751
1.48144402571
1.45874704064
1.46003995749
1.48086548866
1.47562181088
1.47098965862
1.45324276809
1.45721885981
1.47046348644
1.46831748548
1.47350817
1.48194464971
1.48420356232
1.48686124733
1.47323814813
1.47464493984
1.47463033575
1.48058208184
1.47917296278
1.46449723662
1.46384566069
1.46784906924
1.45556630499
1.45537666518
1.48933669376
1.45924982274
1.46024354161
1.45749046273
1.45561546625
1.45645617253
1.45643588714
1.45849045964
1.45861743452
1.47763621763
1.46817153741
1.46850376328
1.46362643557
1.46908695002
1.46301622371
1.46455894698
1.47351101322
1.45337385387
1.45449978647
1.45033088046
1.4521272259
1.45504540893
1.06712489572
1.07130546818
1.11452333111
1.11302062961
1.14391306143
1.13958353621
1.13910974963
1.11646512745
1.10641533162
1.09711236575
1.09297686662
1.08643835999
1.08327892532
1.10525067732
1.09081848865
1.08269165605
1.09171636917
1.0842697511
1.08316796785
1.08347394248
1.08169120621
1.07923097683
1.08834771376
1.08517126368
1.09052618072
1.09777042568
1.08569243151
1.08055375026
1.08388875834
1.08012528594
1.0917503437
1.0950319451
1.07731618387
1.07789747616
1.07460354637
1.07357972124
1.0722524298
1.07379248022
1.07621679575
1.08814056147
1.07761081232
1.07887606366
1.07407926199
1.06924085475
1.06972074561
1.07007412692
1.07348601593
1.06923135021
1.07014160443
1.07230921907
1.06709930012
1.06863345825
1.06567054091
1.06384070438
1.07193201623
1.06877158146
1.06629278031
1.0699249335
1.07210807511
1.06649551031
1.07126036438
1.06967240875
1.06719965299
1.06603909062
1.06057223437
1.0668455015
1.06011513813
1.06668117614
1.05602463528
1.05298336899
1.05375323447
1.0514922685
1.05081338263
1.05489003434
1.05073919306
1.05895495457
1.05216431948
1.04549357739
1.04831989517
1.04720951651
1.05052149152
1.05025209762
1.0504789617
1.05327714253
1.05990911152
1.0584373807
1.06372636281
1.06116297223
1.0634061138
1.05828028503
1.06639525494
1.0599989257
1.05419501354
1.04977243251
1.04965215878
1.05363377775
1.04667842541
1.04572367671
1.05375246152
1.05337646485
1.05578676713
1.05438287551
1.05834136624
1.05029419178
1.04913293163
1.05018710444
1.04916794539
1.04993835067
1.05379044541
1.0521880728
1.05407748809
1.04702358764
1.76918588431
1.73108133488
1.72957580795
1.73906348254
1.71815364447
1.71557503693
1.71961884951
1.71050650445
1.71484375432
1.70628440951
1.70468399957
1.71623084901
1.72874910239
1.7175305463
1.71535124436
1.71992293378
1.71884348073
1.7220897774
1.71694894643
1.71641140393
1.72170181104
1.7186115701
1.71346342224
1.71842111504
1.72284256912
1.71754952453
1.70979021799
1.72271378991
1.72039212271
1.72095597503
1.71239625119
1.71510905823
1.71281550641
1.71340188344
1.73425002173
1.71287668866
1.71221237846
1.71676691266
1.71601327376
1.71784070574
1.70919658153
1.71335936623
1.71655266513
1.70544668337
1.71272209728
1.71005400426
1.70480183308
1.71232166713
1.70738289558
1.70838499341
1.71273848586
1.70868482724
1.70718056653
1.71079820887
1.71104999884
1.71927045139
1.66392063795
1.66659940157
1.68281793548
1.67365777127
1.67373896391
1.69414884728
1.67323586393
1.6887178981
1.68574727008
1.67678245387
1.69313404844
1.6777883913
1.67170340635
1.67708107903
1.67964962703
1.68589539289
1.66926650772
1.68501126369
1.67560738751
1.69071015056
1.70385514078
1.69722809255
1.69500506045
1.6894962694
1.68656875257
1.70019366413
1.67359228807
1.6653867549
1.67090768326
1.67323754746
1.66209649321
1.6777072265
1.68579294586
1.69316036876
1.67231410805
1.66708297332
1.67593334401
1.66978488084
1.66967883218
1.69801524565
1.67776964812
1.67584754439
1.66683032334
1.66297779586
1.66353465972
1.64089592899
1.46107152794
1.46010274636
1.45700174158
1.45800149979
1.46170170385
1.46182147245
1.46396405981
1.46009183551
1.45953587535
1.45864491306
1.45741807469
1.4587456105
1.45901114796
1.45701037423
1.45711940192
1.45416901902
1.45201582378
1.45123982253
1.49630682299
1.49876304567
1.49191922274
1.49946048278
1.50325711427
1.50467102049
1.50619413554
1.50530407069
1.50477956576
1.50619848351
1.5031444625
1.50487265994
1.50400166005
1.50143216733
1.50176806633
1.50123614476
1.50228796167
1.50249600832
1.50365917724
1.50128272212
1.5013223034
1.50101497298
1.50039448871
1.50145003406
1.50200678929
1.50133332978
1.50238563587
1.50075891772
1.49999215044
1.50299701519
1.499764306
1.50067027048
1.50313586114
1.49948234084
1.50186359899
1.50362698945
1.50263033198
1.50159542657
1.50312383256
1.49792459895
1.49550419266
1.49944606303
1.49820102175
1.49674706529
1.49458961397
1.49981117461
1.50251542639
1.50011956754
1.50080408369
1.50281425841
1.50231821205
1.4988166996
1.49792822883
1.50790829337
1.50115820049
1.49880251506
1.49940502097
1.49787528272
1.49951363385
1.49820839063
1.49942034687
1.49911626593
1.49892845037
1.4990844445
1.49841859815
1.49833683976
1.50026069341
1.50220986258
1.50296591388
1.50258267578
1.49749642204
1.49904680259
1.5005043657
1.50031664918
1.5005798242
1.50405591656
1.50122796109
1.4992346551
1.50179087056
1.50214314866
1.50020803565
1.5024722589
1.50459991495
1.50937848172
1.50840710198
1.50807798229
1.50604035004
1.50599291984
1.50343272477
1.50415552315
1.50419966952
1.50337087765
1.50090558923
1.50009102423
1.4282502835
1.42674087895
1.43258230221
1.43448371189
1.44460629631
1.45653689142
1.45121310896
1.44576307132
1.44198301166
1.43066835798
1.43201559079
1.46903048487
1.43775861938
1.42972841787
1.43209644696
1.42946637662
1.42631527812
1.42948865888
1.4183105023
1.41830403711
1.41596807601
1.41417637733
1.41595390782
1.41246750326
1.4260975875
1.42088526803
1.42031878185
1.41410518638
1.41945684791
1.42313594524
1.41090723114
1.41537309528
1.41453634795
1.41864427754
1.41888489389
1.41655934525
1.41691936193
1.41572154222
1.41594449576
1.41253163649
1.41359147937
1.4096118041
1.41416928161
1.41530432318
1.41500185758
1.41809872862
1.41401025252
1.40515468166
1.40709389215
1.41428411474
1.41176103339
1.41252933859
1.40906880184
1.4095072459
1.40611781544
1.40673180883
1.4059816298
1.40088527741
1.39894583772
1.39818496884
1.4000861843
1.3989046268
1.3951160261
1.38524262871
1.3888577904
1.38696859497
1.38865066884
1.38576383502
1.38591771385
1.38745656908
1.39199988589
1.40211196772
1.39240087627
1.3933568623
1.39298730115
1.39193932196
1.38906979798
1.3921968535
1.4212495852
1.38898231516
1.39083775422
1.3832174785
1.38473373812
1.38167610312
1.38161139718
1.38449502496
1.39319786716
1.38417604978
1.38797407771
1.38659319903
1.38628161876
1.38663713291
1.38491133311
1.39319716732
1.38949481646
1.39319913614
1.38331450323
1.38390021861
1.38389670781
1.38443172148
1.38276387397
1.38041408273
1.38769542879
1.38188756305
0.410257276784
0.457314271997
0.320787856107
0.312627795101
0.605874158481
0.362549782854
0.292176487679
0.524996522605
0.553112377235
0.520731016103
0.579798386297
1.463404206
0.469643534361
0.474395110787
0.521790379231
0.507356873106
0.519825963813
0.51689881383
0.528325789498
0.526444756294
0.528261017071
0.525967587719
0.52799535617
0.528437257644
0.523821974929
0.535533610025
0.526011781558
0.519995476531
0.517338043997
0.51868459229
0.517032895712
0.521498381626
0.518251157902
0.521065018039
0.520050008353
0.525031893761
0.525345342558
0.527905250425
0.555354604087
0.536816749009
0.533166128303
0.534127968729
0.523085849161
0.529040948728
0.529633261876
0.510762792203
0.526350704542
0.523932462557
0.524151777488
0.530495943864
0.494275606471
0.513217208232
0.511885420603
0.509984858326
0.510581752856
0.519536229445
0.520298862221
0.51807429386
0.544373684007
0.527054670001
0.524052256128
0.522900071958
0.521401668676
0.514134478981
0.510459188752
0.508122430386
0.512631936386
0.515026526375
0.510905980084
0.514195672281
0.535388972596
0.537158651427
0.520252188875
0.513933329512
0.522865937158
0.518083926756
0.514320390183
0.516400073684
0.521153389191
0.516933268103
0.514237197748
0.513976122377
0.514698786746
0.515424491407
0.532393422116
0.518172122957
0.510057092809
0.514188784202
0.505931017534
0.50656347676
0.506571928013
0.518539878884
0.507691034971
0.515386661745
0.508079892743
0.515809277083
0.512552782847
0.517641835371
0.537731597219
0.523037328173
0.515380049976
0.51817693263
0.517148061761
0.519786481024
0.522918113255
0.52863594242
0.530907510921
0.52386829048
0.523642447806
0.545222523872
0.537979945209
0.524145722359
0.521540432904
0.517225074669
0.519977535278
1.75838298226
1.75354617246
1.75016023309
1.77793854821
1.84126330389
1.37883387959
