0.681064789793
0.681064789793
0.646583479889
0.748670477738
0.755903912625
0.458342287778
0.74594643926
0.764424140316
0.604177854302
0.601551050734
0.609334021065
0.537481930881
0.0547475129464
0.670020771895
0.624212129571
0.609309036769
0.607006653312
0.588629914093
0.586468843546
0.569223329848
0.57043114631
0.560695960263
0.560087980963
0.557531776675
0.555831740364
0.560265304083
0.539629254578
0.548763724975
0.563915191095
0.567385029205
0.567123270548
0.56728898664
0.556590675384
0.570763914467
0.569721115699
0.565566503986
0.554410542188
0.553226705686
0.5502955201
0.52277881915
0.539527889505
0.542036156614
0.534691962549
0.549999588752
0.548354110677
0.548539955883
0.577998281157
0.557580708309
0.560547476119
0.558149083216
0.55226553995
0.584913695814
0.566860945629
0.56956564903
0.574981243857
0.584936347717
0.576527686924
0.56897137314
0.573470671209
0.550679377572
0.560189844492
0.566530079791
0.558528583182
0.56483964328
0.576432700247
0.58108721562
0.583021374624
0.577994468082
0.57087823634
0.579211832741
0.568099847987
0.566096388606
0.545838537936
0.573532814341
0.570708998663
0.567009245333
0.571899872548
0.575894000009
0.573538787535
0.573433216031
0.570880327915
0.576525995568
0.577801438652
0.57054472539
0.570160372181
0.562131973496
0.565474189736
0.577458585354
0.570950989373
0.586873170035
0.58500234184
0.58154104744
0.565739855
