0.00105207535298
0.00554976351758
0.576442113583
0.544521569155
0.646533750751
0.652977245312
0.357601669914
0.642663424613
0.662513964345
0.499595225361
0.49900375285
0.507090745221
0.436825049406
0.163740606343
0.565723949989
0.51921670029
0.503486360123
0.500914564492
0.482701177203
0.480969178107
0.463467602197
0.464591105117
0.455275371713
0.454425902362
0.451767518063
0.450138111927
0.454415238212
0.434037129637
0.442872886582
0.457951082002
0.4619507307
0.460896298579
0.461068389761
0.450990240393
0.465030018152
0.464337254299
0.459651071009
0.448987492042
0.447293660726
0.444406241285
0.417729172424
0.433759053836
0.436202629048
0.429320006123
0.444602015194
0.442808492635
0.443488618611
0.471619814441
0.45103775894
0.453875800949
0.45167704908
0.446277579063
0.478953981382
0.46017472568
0.462898286099
0.468354109312
0.478445680526
0.47033364004
0.462782288284
0.467468580726
0.445390961414
0.454540921686
0.460463273794
0.452591103878
0.458728164484
0.470301732438
0.475069276569
0.4767855027
0.471795274056
0.465480921722
0.473963081055
0.462486092596
0.460693152161
0.439933756608
0.467791297184
0.465306337249
0.461503594994
0.466195717523
0.470130143627
0.467931903135
0.468110594544
0.465450921717
0.470977871063
0.471738405449
0.464261388943
0.464155988121
0.456611929568
0.459715093455
0.471892989067
0.465098043871
0.481017664798
0.478985944987
0.475909431206
0.460022724099
0.474308670274
0.471804128309
0.478284576497
0.47581652659
0.471549096053
0.464348874814
0.457949880674
0.45874161218
0.468088786468
