1.90697502844
2.26490137078
2.23043416484
2.19330821868
2.16936875253
2.24815161616
2.35796893629
2.21329335033
2.21227184484
2.17910997736
2.1702999956
2.1532188506
2.16291773128
2.16012724071
2.14854699101
2.14557178251
2.20467786738
2.24335522231
2.22488866635
2.22512081069
2.21170522585
2.23603949291
2.32531170793
2.24381803571
2.19492957243
2.18851910057
2.17978332661
2.18488654314
2.19022791587
2.17782648467
2.16915352148
2.1651068356
2.24310456685
2.22135958311
2.19159749226
2.18936904924
2.15683422142
2.17518953755
2.16138017707
2.20265895117
2.20501926802
2.19380523666
2.16793078419
2.17186648183
2.20233763939
2.18218401613
2.19330973568
2.14936602772
2.18488944532
2.19028540075
2.23196346845
2.21352024385
2.2060347171
2.20431868122
2.19788516881
2.22027789333
2.21039939413
2.18188341538
2.18622432432
2.18680039298
2.20654920344
2.25528556653
2.21444714522
2.22206355331
2.23632432291
2.22108654721
2.20786854044
2.19954149008
2.20847347352
2.22343583424
2.23117450011
2.24964549789
2.23931895676
2.30818792555
2.26155830351
2.25645691908
2.27981966379
2.25726410844
2.25752228599
2.268983156
2.26830685301
2.27557326439
2.27290995657
2.27664058309
2.22950438762
2.23774358083
2.24569075232
2.24665600638
2.2603983997
2.25664511465
2.26464737313
2.2683801624
2.25579581655
2.26193777404
2.2735176604
2.25471400837
2.26123335126
2.26200824141
2.2330458382
2.10852753595
2.11089636735
1.91089636735
1.89729854013
1.87850450866
1.87826955777
1.89923950238
1.90348902292
1.92118741873
1.90174983215
1.90419936797
1.88682379585
1.87671622855
1.87782423198
1.88275503018
1.90821432142
1.91252526421
1.90129636416
1.89652512837
1.924175326
1.92009180328
1.90244518953
1.91315642005
1.90598546172
1.89928001334
1.8798587709
1.87741415421
1.87955998138
1.88690866007
1.88355561085
1.88408372151
1.8684036953
1.88210457513
1.89245099671
1.89174233679
1.88327761943
1.89285059242
1.87258044775
1.88799942937
1.85435042999
1.84915424896
1.85853848165
1.87902008081
1.86337602147
1.84594482043
1.85050406387
1.84932653833
1.8475079959
1.84049783359
1.84321890858
1.83705717393
1.83681089122
1.83974187492
1.82909729354
1.85744169389
1.86165125536
1.83397754212
1.83639863875
1.8492377675
1.83655732797
1.84137645508
1.84770521
1.83590538773
1.82799931162
1.86012454823
1.84881153382
1.8451482034
1.83685898612
1.81441292046
1.83183158887
1.82907143332
1.81894394281
1.79664763968
1.81781165096
1.82517563641
1.80825842785
1.85086704525
1.83265731134
1.80817943812
1.79410581742
1.8141817619
1.81807645201
1.81732641908
1.81391103884
1.80460271388
1.81992974487
1.82646426553
1.8327941335
1.81333409262
1.81613735264
1.81475870409
1.77040242467
1.81840212082
1.81956786905
1.82462984819
1.80094973664
1.77284500474
1.81867377913
1.81749044517
1.81050019077
1.8120959888
1.4774886258
1.7274886258
1.83372658079
1.83503986426
1.80733525606
1.79888847273
1.79676231393
1.79470048916
1.77661932077
1.78819597228
1.78661076228
1.79535153992
1.7952773037
1.81310492236
1.80740287108
1.79899971411
1.79959530907
1.80712784465
1.79911155958
1.7962884534
1.79907498115
1.80135500885
1.80210532412
1.80729685822
1.81173391293
1.80407533177
1.80224524684
1.79553728261
1.81595191388
1.80970490365
1.80657374704
1.80677773605
1.80881443865
1.8060917972
1.79731487913
1.79916091608
1.78844068664
1.78560322688
1.78467543399
1.78306783402
1.77939282837
1.78399270448
1.78506207777
1.79014561872
1.79052095088
1.79397154866
1.79992648871
1.79891081949
1.80152270334
1.8043346192
1.80936717709
1.80876829142
1.80840892416
1.81322552297
1.814285584
1.81834727793
1.81655248046
1.82114289689
1.82194495909
1.82006006428
1.81614770319
1.81442322749
1.81292357534
1.81253094452
1.81202498043
1.80839401296
1.81907076616
1.81591730612
1.81231377398
1.80704744046
1.81504517861
1.81710779234
1.81518247601
1.81705960401
1.81201284892
1.8151864132
1.81479356468
1.81328785047
1.81288867065
1.8206762759
1.81937326953
1.81459838854
1.82151714933
1.82698649633
1.82414856619
1.81979157493
1.81576351995
1.79736682155
1.80026142597
1.80312567752
1.80139804437
1.79687647381
1.79767940738
1.7947287952
1.79441546887
1.79291943566
1.78207360135
1.77685037803
1.79101478004
1.79932334465
1.79375055124
1.79109735876
1.91088183827
2.06088183827
2.01915161158
2.02039499656
2.00788162196
1.98912772776
1.98305816114
2.00373994923
1.99171982259
1.98376254488
1.97464004121
1.98442246825
1.97790795716
1.97690169338
1.98245399559
1.97578068339
1.95204284363
1.95377984789
1.95139267829
1.92826652063
1.93087854325
1.90893425516
1.91835110662
1.91158053518
1.92239974787
1.92707857034
1.92521085237
1.91267933746
1.9128310486
1.90653929414
1.90430358218
1.9056173902
1.90247633065
1.88809873454
1.87810652507
1.8698949706
1.91406705258
1.90819478557
1.8978610386
1.8957437502
1.91094206061
1.91369256723
1.89766630118
1.90796818089
1.90344862312
1.90758409046
1.89381919119
1.8969765509
1.93572214649
1.94547860161
1.93026772521
1.92630852888
1.92949898972
1.90558357201
1.9098594096
1.92089392499
1.92299225063
1.90519531849
1.91780711532
1.9208921317
1.9101460965
1.91248423376
1.89419279034
1.8874031661
1.90409043114
1.89621788912
1.88505322367
1.88275259095
1.88265348493
1.90459469359
1.90751657097
1.89539576986
1.89651508015
1.88535330346
1.87040892407
1.87519242074
1.87743458452
1.87510994751
1.88144402571
1.85874704064
1.86003995749
1.88086548866
1.87562181088
1.87098965862
1.85324276809
1.85721885981
1.87046348644
1.86831748548
1.87350817
1.88194464971
1.88420356232
1.88686124733
1.87323814813
1.87464493984
1.87463033575
1.88058208184
1.87917296278
1.86449723662
1.86384566069
1.86784906924
1.85556630499
1.85537666518
1.88933669376
1.85924982274
1.86024354161
1.85749046273
1.85561546625
1.85645617253
1.85643588714
1.85849045964
1.85861743452
1.87763621763
1.86817153741
1.86850376328
1.86362643557
1.86908695002
1.86301622371
1.86455894698
1.87351101322
1.85337385387
1.85449978647
1.85033088046
1.8521272259
1.85504540893
1.46712489572
1.47130546818
1.51452333111
1.51302062961
1.54391306143
1.53958353621
1.53910974963
1.51646512745
1.50641533162
1.30641533162
1.29711236575
1.29297686662
1.28643835999
1.28327892532
1.30525067732
1.29081848865
1.28269165605
1.29171636917
1.2842697511
1.28316796785
1.28347394248
1.28169120621
1.27923097683
1.28834771376
1.28517126368
1.29052618072
1.29777042568
1.28569243151
1.28055375026
1.28388875834
1.28012528594
1.2917503437
1.2950319451
1.27731618387
1.27789747616
1.27460354637
1.27357972124
1.2722524298
1.27379248022
1.27621679575
1.28814056147
1.27761081232
1.27887606366
1.27407926199
1.26924085475
1.26972074561
1.27007412692
1.27348601593
1.26923135021
1.27014160443
1.27230921907
1.26709930012
1.26863345825
1.26567054091
1.26384070438
1.27193201623
1.26877158146
1.26629278031
1.2699249335
1.27210807511
1.26649551031
1.27126036438
1.26967240875
1.26719965299
1.26603909062
1.26057223437
1.2668455015
1.26011513813
1.26668117614
1.25602463528
1.25298336899
1.25375323447
1.2514922685
1.25081338263
1.25489003434
1.25073919306
1.25895495457
1.25216431948
1.24549357739
1.24831989517
1.24720951651
1.25052149152
1.25025209762
1.2504789617
1.25327714253
1.25990911152
1.2584373807
1.26372636281
1.26116297223
1.2634061138
1.25828028503
1.26639525494
1.2599989257
1.25419501354
1.24977243251
1.24965215878
1.25363377775
1.24667842541
1.24572367671
1.25375246152
1.25337646485
1.25578676713
1.25438287551
1.25834136624
1.25029419178
1.24913293163
1.25018710444
1.24916794539
1.24993835067
1.25379044541
1.2521880728
1.25407748809
1.24702358764
1.96918588431
1.96918588431
1.93108133488
1.92957580795
1.93906348254
1.91815364447
1.91557503693
1.91961884951
1.91050650445
1.91484375432
1.90628440951
1.90468399957
1.91623084901
1.92874910239
1.9175305463
1.91535124436
1.91992293378
1.91884348073
1.9220897774
1.91694894643
1.91641140393
1.92170181104
1.9186115701
1.91346342224
1.91842111504
1.92284256912
1.91754952453
1.90979021799
1.92271378991
1.92039212271
1.92095597503
1.91239625119
1.91510905823
1.91281550641
1.91340188344
1.93425002173
1.91287668866
1.91221237846
1.91676691266
1.91601327376
1.91784070574
1.90919658153
1.91335936623
1.91655266513
1.90544668337
1.91272209728
1.91005400426
1.90480183308
1.91232166713
1.90738289558
1.90838499341
1.91273848586
1.90868482724
1.90718056653
1.91079820887
1.91104999884
1.91927045139
1.86392063795
1.86659940157
1.88281793548
1.87365777127
1.87373896391
1.89414884728
1.87323586393
1.8887178981
1.88574727008
1.87678245387
1.89313404844
1.8777883913
1.87170340635
1.87708107903
1.87964962703
1.88589539289
1.86926650772
1.88501126369
1.87560738751
1.89071015056
1.90385514078
1.89722809255
1.89500506045
1.8894962694
1.88656875257
1.90019366413
1.87359228807
1.8653867549
1.87090768326
1.87323754746
1.86209649321
1.8777072265
1.88579294586
1.89316036876
1.87231410805
1.86708297332
1.87593334401
1.86978488084
1.86967883218
1.89801524565
1.87776964812
1.87584754439
1.86683032334
1.86297779586
1.86353465972
1.84089592899
1.66107152794
2.06918588431
2.03108133488
2.02957580795
2.03906348254
2.01815364447
2.01557503693
2.01961884951
2.01050650445
2.01484375432
2.00628440951
2.00468399957
2.01623084901
2.02874910239
2.0175305463
2.01535124436
2.01992293378
2.01884348073
2.0220897774
2.01694894643
2.01641140393
2.02170181104
2.0186115701
2.01346342224
2.01842111504
2.02284256912
2.01754952453
2.00979021799
2.02271378991
2.02039212271
2.02095597503
2.01239625119
2.01510905823
2.01281550641
2.01340188344
2.03425002173
2.01287668866
2.01221237846
2.01676691266
2.01601327376
2.01784070574
2.00919658153
2.01335936623
2.01655266513
2.00544668337
2.01272209728
2.01005400426
2.00480183308
2.01232166713
2.00738289558
2.00838499341
2.01273848586
2.00868482724
2.00718056653
2.01079820887
2.01104999884
2.01927045139
1.96392063795
1.96659940157
1.98281793548
1.97365777127
1.97373896391
1.99414884728
1.97323586393
1.9887178981
1.98574727008
1.97678245387
1.99313404844
1.9777883913
1.97170340635
1.97708107903
1.97964962703
1.98589539289
1.96926650772
1.98501126369
1.97560738751
1.99071015056
2.00385514078
1.99722809255
1.99500506045
1.9894962694
1.98656875257
2.00019366413
1.97359228807
1.9653867549
1.97090768326
1.97323754746
1.96209649321
1.9777072265
1.98579294586
1.99316036876
1.97231410805
1.96708297332
1.97593334401
1.96978488084
1.96967883218
1.99801524565
1.97776964812
1.97584754439
1.96683032334
1.96297779586
1.96353465972
1.94089592899
1.76107152794
1.46107152794
1.46010274636
1.45700174158
1.45800149979
1.46170170385
1.46182147245
1.46396405981
1.46009183551
1.45953587535
1.45864491306
1.45741807469
1.4587456105
1.45901114796
1.45701037423
1.45711940192
1.45416901902
1.45201582378
1.45123982253
1.49630682299
1.49876304567
1.49191922274
1.49946048278
1.50325711427
1.50467102049
1.50619413554
1.50530407069
1.50477956576
1.50619848351
1.5031444625
1.50487265994
1.50400166005
1.50143216733
1.50176806633
1.50123614476
1.50228796167
1.50249600832
1.50365917724
1.50128272212
1.5013223034
1.50101497298
1.50039448871
1.50145003406
1.50200678929
1.50133332978
1.50238563587
1.50075891772
1.49999215044
1.50299701519
1.499764306
1.50067027048
1.50313586114
1.49948234084
1.50186359899
1.50362698945
1.50263033198
1.50159542657
1.50312383256
1.49792459895
1.49550419266
1.49944606303
1.49820102175
1.49674706529
1.49458961397
1.49981117461
1.50251542639
1.50011956754
1.50080408369
1.50281425841
1.50231821205
1.4988166996
1.49792822883
1.50790829337
1.50115820049
1.49880251506
1.49940502097
1.49787528272
1.49951363385
1.49820839063
1.49942034687
1.49911626593
1.49892845037
1.4990844445
1.49841859815
1.49833683976
1.50026069341
1.50220986258
1.50296591388
1.50258267578
1.49749642204
1.49904680259
1.5005043657
1.50031664918
1.5005798242
1.50405591656
1.50122796109
1.4992346551
1.50179087056
1.50214314866
1.50020803565
1.5024722589
1.50459991495
1.50937848172
1.50840710198
1.50807798229
1.50604035004
1.50599291984
1.50343272477
1.50415552315
1.50419966952
1.50337087765
1.50090558923
1.50009102423
1.4282502835
1.42674087895
1.43258230221
1.43258230221
1.43448371189
1.44460629631
1.45653689142
1.45121310896
1.44576307132
1.44198301166
1.43066835798
1.43201559079
1.46903048487
1.43775861938
1.42972841787
1.43209644696
1.42946637662
1.42631527812
1.42948865888
1.4183105023
1.41830403711
1.41596807601
1.41417637733
1.41595390782
1.41246750326
1.4260975875
1.42088526803
1.42031878185
1.41410518638
1.41945684791
1.42313594524
1.41090723114
1.41537309528
1.41453634795
1.41864427754
1.41888489389
1.41655934525
1.41691936193
1.41572154222
1.41594449576
1.41253163649
1.41359147937
1.4096118041
1.41416928161
1.41530432318
1.41500185758
1.41809872862
1.41401025252
1.40515468166
1.40709389215
1.41428411474
1.41176103339
1.41252933859
1.40906880184
1.4095072459
1.40611781544
1.40673180883
1.4059816298
1.40088527741
1.39894583772
1.39818496884
1.4000861843
1.3989046268
1.3951160261
1.38524262871
1.3888577904
1.38696859497
1.38865066884
1.38576383502
1.38591771385
1.38745656908
1.39199988589
1.40211196772
1.39240087627
1.3933568623
1.39298730115
1.39193932196
1.38906979798
1.3921968535
1.4212495852
1.38898231516
1.39083775422
1.3832174785
1.38473373812
1.38167610312
1.38161139718
1.38449502496
1.39319786716
1.38417604978
1.38797407771
1.38659319903
1.38628161876
1.38663713291
1.38491133311
1.39319716732
1.38949481646
1.39319913614
1.38331450323
1.38390021861
1.38389670781
1.38443172148
1.38276387397
1.38041408273
1.38769542879
1.38188756305
0.410257276784
0.410257276784
0.457314271997
0.320787856107
0.312627795101
0.605874158481
0.362549782854
0.292176487679
0.524996522605
0.553112377235
0.520731016103
0.579798386297
1.463404206
0.469643534361
0.474395110787
0.521790379231
0.507356873106
0.519825963813
0.51689881383
0.528325789498
0.526444756294
0.528261017071
0.525967587719
0.52799535617
0.528437257644
0.523821974929
0.535533610025
0.526011781558
0.519995476531
0.517338043997
0.51868459229
0.517032895712
0.521498381626
0.518251157902
0.521065018039
0.520050008353
0.525031893761
0.525345342558
0.527905250425
0.555354604087
0.536816749009
0.533166128303
0.534127968729
0.523085849161
0.529040948728
0.529633261876
0.510762792203
0.526350704542
0.523932462557
0.524151777488
0.530495943864
0.494275606471
0.513217208232
0.511885420603
0.509984858326
0.510581752856
0.519536229445
0.520298862221
0.51807429386
0.544373684007
0.527054670001
0.524052256128
0.522900071958
0.521401668676
0.514134478981
0.510459188752
0.508122430386
0.512631936386
0.515026526375
0.510905980084
0.514195672281
0.535388972596
0.537158651427
0.520252188875
0.513933329512
0.522865937158
0.518083926756
0.514320390183
0.516400073684
0.521153389191
0.516933268103
0.514237197748
0.513976122377
0.514698786746
0.515424491407
0.532393422116
0.518172122957
0.510057092809
0.514188784202
0.505931017534
0.50656347676
0.506571928013
0.518539878884
0.507691034971
0.515386661745
0.508079892743
0.515809277083
0.512552782847
0.517641835371
0.537731597219
0.523037328173
0.515380049976
0.51817693263
0.517148061761
0.519786481024
0.522918113255
0.52863594242
0.530907510921
0.52386829048
0.523642447806
0.545222523872
0.537979945209
0.524145722359
0.521540432904
0.517225074669
0.519977535278
