
0.813011371647
0.805367881672
0.813105009287
0.819076988822
0.818465963964
0.814382364233
0.813413268249
0.811601121994
0.811059805843
0.808249997334
0.808585881811
0.807687544715
0.807201819349
0.807839324651
0.80376483682
0.801090730166
0.802523337719
0.802102048565
0.800576491344
0.794181259955
0.799604007429
0.792323738669
0.793346120849
0.782690925286
0.786033511962
0.783832211882
0.784899029469
0.77800135297
0.775125159413
0.775747708362
0.773441905277
0.769336820056
0.782886088511
0.773519200869
0.777145656092
0.777302355841
0.767730074227
0.773634847765
0.766437955187
0.767686548435
0.763071124572
0.762107455365
0.766867039927
0.760284121868
0.761073130475
0.757558483999
0.758607859097
0.768405078002
0.756221231493
0.752097429526
0.755046878541
0.756231140425
0.755110891513
0.749985703348
0.752062283768
0.757901079307
0.749383397631
0.749930159734
0.748226819783
0.745480242466
0.753312960859
0.749588972581
0.746944197828
0.751758451513
0.7454195524
0.745695719385
0.745224092503
0.748059687539
0.746231889335
0.748953420464
0.744994839399
0.746078170673
0.748415680214
0.745928377937
0.747951776674
0.745058143151
0.744642548776
0.745092869427
0.745642998587
0.747510251661
0.746198425822
0.745253137076
0.74430474075
0.743669293933
0.736539279436
0.736133526493
0.735832178512
0.732190234204
0.734000962152
0.734557784177
0.732950326514
0.731360465635
0.7316687451
0.73086353028
0.730972896932
0.72949904103
0.728796743625
0.728360603958
0.726951059207
