1.78071225327
1.78191755557
1.80369141929
1.76410241856
1.75678925202
1.78289267634
1.88998997353
1.79333072241
1.77695120038
1.74224994613
1.74951405108
1.7558712189
1.74146238042
1.72919739999
1.72716989339
1.70631003704
1.75882985908
1.77846879042
1.77878062694
1.78499774702
1.78040122908
1.81077270228
1.88704360332
1.84658997625
1.77032732718
1.77224221889
1.76624197688
1.76938827096
1.79428423876
1.78229389282
1.78311086843
1.7691657554
1.82693718081
1.81493391637
1.78788481436
1.80348403854
1.79090761849
1.7690607928
1.76531254382
1.81099305331
1.80383083354
1.78288375026
1.78109926518
1.76299349107
1.76954650712
1.79863341531
1.74339354348
1.75832430939
1.75891309236
1.77466383046
1.79209854313
1.8005443417
1.79357942855
1.78537796548
1.77054775347
1.79434958923
1.79199458998
1.7916493741
1.77619543322
1.76761382002
1.78490156304
1.81068976846
1.77785666022
1.76902451668
1.79918396735
1.78406869175
1.78228083782
1.76995064934
1.77068590132
1.77120214664
1.76454449034
1.79663996292
1.75995075542
1.8225713909
1.80745437892
1.79541322487
1.79498736387
1.78191250101
1.77271721986
1.76704061228
1.76864997134
1.75921119806
1.74558792473
1.74838778941
1.71772208965
1.75791945535
1.72767338481
1.74983520845
1.75262880259
1.73357718381
1.77043156011
1.74636896156
1.76550214091
1.72684132484
1.75739872257
1.73979079416
1.74533909983
1.74237215379
1.73639718988
1.41565441634
1.4149568928
1.41427713646
1.40719270659
1.40793319449
1.40219154653
1.40109996923
1.39582381927
1.40221494149
1.39586567018
1.39735015097
1.3926143224
1.39435719375
1.38935928022
1.40597865052
1.40381097552
1.40215168379
1.40668658757
1.39273166047
1.40271233963
1.40482887988
1.40008321936
1.39652606528
1.39749361781
1.39672809309
1.38999067209
1.38668924254
1.38363929542
1.38798326274
1.38273808646
1.38977373203
1.38224112217
1.37881528239
1.37902522034
1.37730800395
1.37404769459
1.37971601836
1.38078668988
1.38339162049
1.38091017047
1.37199624702
1.35915183326
1.37242921583
1.37482390604
1.36664836821
1.36967488591
1.36552178889
1.3636063337
1.3588651176
1.36224500829
1.36894837128
1.3662017396
1.36911595808
1.36771536851
1.36208191419
1.3628840307
1.36369719175
1.3522534181
1.35635530129
1.38053320824
1.35642651884
1.36394416968
1.36341883397
1.36046259363
1.34811995763
1.34055154794
1.34626779045
1.35261118095
1.34618801575
1.33496336299
1.34323378543
1.34490357676
1.34240950036
1.33836821429
1.34819014368
1.33135292498
1.33106519976
1.33779628466
1.33776339176
1.33016192524
1.34015424345
1.34056368392
1.33693336817
1.33246297714
1.33594913574
1.33122305278
1.33435736624
1.3383248251
1.33350913464
1.3354705483
1.3345954881
1.31454794069
1.31761283636
1.32840149658
1.32770882513
1.33782569181
1.31307616906
1.32327172148
1.32682525238
1.32735151742
1.87337536323
0.367520977151
0.368976625456
0.329982706378
0.313329735483
0.304551793251
0.301689516163
0.291472563617
0.298544898182
0.296487376624
0.304301097367
0.302943464125
0.314734342354
0.310791422506
0.306749934535
0.305916885062
0.31219467028
0.30872439283
0.304208041952
0.306659976134
0.312380919019
0.310440918839
0.317020540157
0.318498457238
0.322373391317
0.317835603675
0.315498729435
0.326999141489
0.32939875607
0.330504751707
0.328605854734
0.332135922988
0.335285887695
0.316283678971
0.326382890716
0.3171453416
0.314863069847
0.32363431671
0.316441591314
0.322070195448
0.321936345588
0.328522973227
0.332899941798
0.327587642072
0.33657498835
0.340742141975
0.342999255297
0.342742012373
0.333565459699
0.349611624429
0.353839042956
0.350018936037
0.352035441374
0.354115432591
0.361436729726
0.356830980603
0.352532637448
0.361821439426
0.359994802434
0.360142118099
0.361905233087
0.351329310736
0.356244289279
0.359271428755
0.351148893468
0.365064713887
0.362653990767
0.361135870322
0.355645816549
0.362042569739
0.361699308595
0.363933491299
0.364501942833
0.359097005199
0.36346011958
0.361441336343
0.363749125352
0.364299257979
0.368473755714
0.36636966201
0.362220541102
0.367165337398
0.371498607374
0.370440522804
0.367963137199
0.372044319636
0.362608902496
0.364078694207
0.369331676285
0.365926031755
0.363079442552
0.364363883165
0.364707557655
0.364060940593
0.363893892716
0.357792547291
0.356199236223
0.365496310503
0.370186748971
0.36831172145
0.368519245539
1.07176058242
1.06534161525
1.06442025687
1.05556741843
1.05295814139
1.05306575781
1.04732714086
1.04144849087
1.04199613477
1.03901332483
1.05359750263
1.03798012289
1.03541033815
1.03351876489
1.03316477895
1.03734764228
1.03620495252
1.04074871793
1.02996274931
1.02961140492
1.02741778971
1.02845358874
1.0350653424
1.03378232294
1.03193114957
1.02801636294
1.03175024656
1.02989342771
1.03199956441
1.02996794222
1.03433319886
1.03164238007
1.03720087277
1.03980571173
1.05055621622
1.02878267727
1.03628491792
1.02979422166
1.03165815545
1.03276429668
1.03330786394
1.02422653043
1.02302913736
1.02520558019
1.02511591794
1.02294488961
1.02189858405
1.01154193324
1.00105942645
0.998496196329
0.996973579046
0.997437027807
1.0088889332
1.00914152805
1.00092785296
1.00117212219
1.00128593757
1.00409277281
1.00208943431
1.00490490033
1.00138543601
1.00460700484
1.00481876829
1.04305215846
1.03692389896
1.02166811472
1.02268421527
1.01618533954
1.01511402977
1.01510212104
1.00965268946
1.0111876679
1.01517079432
1.0130236279
1.01277676723
1.01854225403
1.00959453508
1.00797936239
1.01574093257
1.01439960787
1.01253082047
1.0124469233
1.00606155327
1.02105920346
1.0243615423
1.01267088322
1.00595313169
1.00155026671
1.00468789894
1.00298602927
0.992591885557
0.995492632785
0.995219352175
0.998768844433
0.993108088484
0.994842982366
1.00439357618
0.997192778949
0.995197134554
0.997861283701
0.998688183281
0.99247409185
0.999821189217
0.998508466919
0.999100168427
1.00238027532
0.99840429268
0.999333811731
0.995893797053
0.996865653987
0.992124791277
0.995626150776
0.992487707013
0.999826930134
0.991560920441
0.99693571143
1.00130703936
0.998487292883
0.996848565292
0.995929599826
0.997264655428
0.998252606939
0.997668801241
1.30168711204
1.29854501493
1.81018975314
1.80058858805
1.88320696565
1.884114001
1.84387206468
1.51848936673
1.53707128889
1.52617902259
1.53191130646
1.55955305247
1.57659412429
1.55005919772
1.57465430588
1.57811741933
1.55893655377
1.539877817
1.54603555326
1.5623249143
1.55140477704
1.53749119126
1.54833077737
1.55381381742
1.5354294384
1.54441328952
1.5509250692
1.52699096329
1.49846898349
1.50718003205
1.54361611384
1.55251865276
1.53304166779
1.52679966348
1.54943379048
1.53224268549
1.53678233663
1.51187252313
1.50130557808
1.495895313
1.47676102831
1.48482372583
1.48821477838
1.50288593967
1.47173899532
1.48099091979
1.4618800669
1.4992460246
1.46582187874
1.47379273198
1.503919301
1.48071360605
1.4977614311
1.48741087322
1.46257237814
1.47082799384
1.48056099655
1.46552986639
1.46189847714
1.47713678202
1.46222284901
1.46977414623
1.47815105269
1.4809275684
1.4747726451
1.46091319779
1.48821231134
1.45683668694
1.48063997876
1.51799755404
1.51355711783
1.51734121471
1.51674194076
1.51522772822
1.54091804143
1.52745210244
1.57668577907
1.60105914092
1.55802330106
1.56375461364
1.53979349578
1.54640068035
1.54948267693
1.5103576441
1.51769814383
1.5483961024
1.50240098668
1.48771887402
1.46554907241
1.50832064645
1.52062636482
1.53056163022
1.53140600439
1.54973060701
1.52179200961
1.55324840776
1.55641698141
1.55777349745
1.51501177435
1.53312036639
1.53124574388
1.53872604756
1.51574542329
1.55311273036
1.557633104
1.52951791737
1.53407234684
1.52583064942
1.49413280082
1.51311790826
1.53136173097
1.55315217896
1.65427029
1.60294741657
1.60617214542
1.62343747735
1.60234097144
1.60165392781
1.59408751628
1.59974719129
1.59468292167
1.596519545
1.58662229575
1.59379944507
1.59276503285
1.58774963945
1.58929972519
1.58189269552
1.58162160979
1.5836912533
1.58520275803
1.58132791966
1.57348206565
1.58119929098
1.58463222076
1.57574528506
1.57422077673
1.57302309996
1.58024580551
1.57281664302
1.57411597872
1.56822028169
1.56850312225
1.56815096607
1.56492732511
1.56562601266
1.58983729397
1.58197838636
1.57255558085
1.57906015882
1.58113251097
1.56923757006
1.56135079259
1.55800880718
1.56531628111
1.55268174343
1.56202058718
1.5589674961
1.56015914125
1.55865064603
1.55530153519
1.55424474255
1.55778089183
1.54996690078
1.55023718562
1.55747003267
1.55712544133
1.54828738266
1.50446861218
1.52149175961
1.51951126572
1.51832954376
1.48866294772
1.5205143706
1.49789852406
1.50816815916
1.51317881638
1.51287339108
1.47733529075
1.49949753187
1.50107827946
1.49997206979
1.5117815048
1.5165011227
1.49974971622
1.51098533571
1.50095203055
1.52245988082
1.5326569422
1.50970176146
1.50400452642
1.50706217048
1.48759306221
1.48635359237
1.4829507372
1.50487692859
1.51951041309
1.50864903833
1.5000570427
1.51257018809
1.50758180992
1.51499794551
1.49805672209
1.50443943984
1.50712333774
1.49573270424
1.49141798789
1.52159587688
1.49327366946
1.49898007217
1.47854371219
1.48772843458
1.49335539286
1.514908152
1.45335178949
1.46042093635
1.45912780891
1.46260567963
1.46425820288
1.46445136706
1.46123515757
1.46190078623
1.46159745975
1.4620470136
1.46369327909
1.46134849525
1.4616850162
1.4645285568
1.46482321732
1.46686122463
1.46428892869
1.4718202826
1.50728106319
1.51025063268
1.50324290692
1.50630506465
1.49551608169
1.49614509291
1.49502720131
1.49889042244
1.49963798048
1.50263619179
1.50451343591
1.50482126917
1.504763216
1.51003044295
1.50982418619
1.50564492106
1.50801001783
1.50815012086
1.50322566756
1.50711910363
1.50815942249
1.5070934947
1.50889318096
1.50855906272
1.50900178591
1.50966486135
1.50885885309
1.50992927136
1.50759684045
1.50477732741
1.50381402473
1.50408326344
1.50450360445
1.50300398413
1.50337564669
1.50111949523
1.49663185234
1.49651555983
1.49718621137
1.49588344362
1.49543154814
1.49339466917
1.49283934032
1.49671404191
1.49468157568
1.48771674139
1.48550787876
1.48773360401
1.48366776682
1.4876592875
1.48803073793
1.48641149767
1.48625804129
1.48993624503
1.48999078677
1.48639047981
1.48890579152
1.49206112328
1.49009421135
1.48988141627
1.49330031795
1.49117510967
1.49258007796
1.49117781395
1.49205974202
1.49387156096
1.48964868212
1.47865602334
1.48256026759
1.48753356928
1.49028615776
1.49013545092
1.48835479543
1.48924375568
1.49020952802
1.48989010167
1.48982139733
1.49150339785
1.48992438584
1.48696624793
1.4888910511
1.48738143253
1.48205674196
1.47826458797
1.48090934089
1.48446491895
1.48199450186
1.48341871754
1.48386260419
1.48464238535
1.48628897149
1.48951085904
1.48827113723
1.48936241259
2.07484939809
2.07396650354
1.91305884524
1.94215138683
1.98250275308
2.02576634186
2.01234887945
1.99403561611
1.98419511452
1.95801809763
1.95998839934
2.10781707388
1.99118151192
1.98565766976
1.98235661993
1.99329818137
1.99366809127
1.99683776043
1.95918129559
1.97636288666
1.9722567645
1.97368657255
1.9792735718
1.96602013141
2.00171235652
1.97837190086
1.97402210153
1.95976043703
1.98206122104
1.9994167704
1.96253229703
1.97658705077
1.97556225066
1.97306349462
1.98759862301
1.96910831606
1.99332875921
1.97830050057
1.98099860897
1.96881020126
1.97077707364
1.95597903572
1.97452777647
1.98828436208
1.98217543646
1.98886212465
1.96422295832
1.94160436331
1.94886029934
1.97094143997
1.95718225851
1.97093181251
1.9596721803
1.96158891882
1.95315243676
1.95093571468
1.95570161301
1.94099758288
1.94594405309
1.94569033743
1.95080276513
1.94674077857
1.93521315771
1.91155676355
1.89661061388
1.91464746177
1.90029377421
1.89706132768
1.90452720583
1.91045046814
1.91754215973
1.93607784322
1.91487633861
1.91820323391
1.91255581165
1.90616721213
1.910738279
1.9298880897
1.94537368327
1.9237480697
1.91908025001
1.91437140648
1.90770442236
1.89856363722
1.90798977313
1.91002671803
1.90730798834
1.90257225018
1.90865983122
1.91608414999
1.9017037236
1.90380228634
1.89059808803
1.92291191698
1.91357479386
1.91096818088
1.89830344907
1.90035690857
1.91184472583
1.89964655701
1.89717910428
1.88804719209
1.883402095
1.8626697237
1.13225863562
1.03974576385
1.20981382266
1.21670202379
1.03544171342
1.33500786185
1.25802882855
1.35242358186
1.42127974752
1.39001829383
1.34893577875
1.07440943946
1.36598343581
1.25504955178
1.34192021166
1.31790135947
1.30116712717
1.29099179354
1.27211752335
1.27659361839
1.25718700212
1.24398573258
1.2359447555
1.22715240343
1.23543728083
1.19635741873
1.21471775137
1.25575922309
1.27088370205
1.26337462405
1.26054794544
1.24197428064
1.27654424551
1.27974756339
1.26189537906
1.24022920291
1.23224176702
1.2257922356
1.18384688862
1.20501361906
1.20648743166
1.18676811237
1.21054267712
1.21557801083
1.23366789978
1.25808244603
1.22826666111
1.24089179945
1.24268701173
1.23890549066
1.23657968327
1.23117962159
1.23637339197
1.24874010885
1.27837402212
1.27527840216
1.25578231812
1.26898743115
1.23761128293
1.24494023078
1.25349162509
1.2308095163
1.24397050239
1.26825875201
1.28107248576
1.28014451419
1.27147250839
1.26270377342
1.28433396667
1.24938726355
1.26272535692
1.20739629965
1.2649276499
1.25442042643
1.25064163563
1.25554190783
1.26259152838
1.26488735692
1.27097006112
1.25503222685
1.2679942341
1.26594356177
1.23376215225
1.2349859352
1.23710223883
1.23425865667
1.26604031683
1.24842306245
1.2839430539
1.27639432076
1.27015451884
1.23760963776
1.25424263725
1.25597368645
1.26625236053
1.2698147439
1.2536322705
1.24779249957
1.25436626222
1.23910685547
1.23913496841
1.23936662548
1.24276612173
1.25903362762
1.2588613798
1.26550583986
1.23537384423
1.23874239826
1.23882354071
1.24348697839
1.20453404637
1.22596537494
1.2381904655
1.25326245696
1.2439992507
2.33344690557
2.33086777639
2.32946784859
1.73270427279
1.78462204521
0.419983144132
