1.83071225327
1.83191755557
1.85369141929
1.81410241856
1.80678925202
1.83289267634
1.93998997353
1.84333072241
1.82695120038
1.79224994613
1.79951405108
1.8058712189
1.79146238042
1.77919739999
1.77716989339
1.75631003704
1.80882985908
1.82846879042
1.82878062694
1.83499774702
1.83040122908
1.86077270228
1.93704360332
1.89658997625
1.82032732718
1.82224221889
1.81624197688
1.81938827096
1.84428423876
1.83229389282
1.83311086843
1.8191657554
1.87693718081
1.86493391637
1.83788481436
1.85348403854
1.84090761849
1.8190607928
1.81531254382
1.86099305331
1.85383083354
1.83288375026
1.83109926518
1.81299349107
1.81954650712
1.84863341531
1.79339354348
1.80832430939
1.80891309236
1.82466383046
1.84209854313
1.8505443417
1.84357942855
1.83537796548
1.82054775347
1.84434958923
1.84199458998
1.8416493741
1.82619543322
1.81761382002
1.83490156304
1.86068976846
1.82785666022
1.81902451668
1.84918396735
1.83406869175
1.83228083782
1.81995064934
1.82068590132
1.82120214664
1.81454449034
1.84663996292
1.80995075542
1.8725713909
1.85745437892
1.84541322487
1.84498736387
1.83191250101
1.82271721986
1.81704061228
1.81864997134
1.80921119806
1.79558792473
1.79838778941
1.76772208965
1.80791945535
1.77767338481
1.79983520845
1.80262880259
1.78357718381
1.82043156011
1.79636896156
1.81550214091
1.77684132484
1.80739872257
1.78979079416
1.79533909983
1.79237215379
1.78639718988
1.46565441634
1.4649568928
1.6649568928
1.66427713646
1.65719270659
1.65793319449
1.65219154653
1.65109996923
1.64582381927
1.65221494149
1.64586567018
1.64735015097
1.6426143224
1.64435719375
1.63935928022
1.65597865052
1.65381097552
1.65215168379
1.65668658757
1.64273166047
1.65271233963
1.65482887988
1.65008321936
1.64652606528
1.64749361781
1.64672809309
1.63999067209
1.63668924254
1.63363929542
1.63798326274
1.63273808646
1.63977373203
1.63224112217
1.62881528239
1.62902522034
1.62730800395
1.62404769459
1.62971601836
1.63078668988
1.63339162049
1.63091017047
1.62199624702
1.60915183326
1.62242921583
1.62482390604
1.61664836821
1.61967488591
1.61552178889
1.6136063337
1.6088651176
1.61224500829
1.61894837128
1.6162017396
1.61911595808
1.61771536851
1.61208191419
1.6128840307
1.61369719175
1.6022534181
1.60635530129
1.63053320824
1.60642651884
1.61394416968
1.61341883397
1.61046259363
1.59811995763
1.59055154794
1.59626779045
1.60261118095
1.59618801575
1.58496336299
1.59323378543
1.59490357676
1.59240950036
1.58836821429
1.59819014368
1.58135292498
1.58106519976
1.58779628466
1.58776339176
1.58016192524
1.59015424345
1.59056368392
1.58693336817
1.58246297714
1.58594913574
1.58122305278
1.58435736624
1.5883248251
1.58350913464
1.5854705483
1.5845954881
1.56454794069
1.56761283636
1.57840149658
1.57770882513
1.58782569181
1.56307616906
1.57327172148
1.57682525238
1.57735151742
2.12337536323
1.87337536323
0.367520977151
0.368976625456
0.329982706378
0.313329735483
0.304551793251
0.301689516163
0.291472563617
0.298544898182
0.296487376624
0.304301097367
0.302943464125
0.314734342354
0.310791422506
0.306749934535
0.305916885062
0.31219467028
0.30872439283
0.304208041952
0.306659976134
0.312380919019
0.310440918839
0.317020540157
0.318498457238
0.322373391317
0.317835603675
0.315498729435
0.326999141489
0.32939875607
0.330504751707
0.328605854734
0.332135922988
0.335285887695
0.316283678971
0.326382890716
0.3171453416
0.314863069847
0.32363431671
0.316441591314
0.322070195448
0.321936345588
0.328522973227
0.332899941798
0.327587642072
0.33657498835
0.340742141975
0.342999255297
0.342742012373
0.333565459699
0.349611624429
0.353839042956
0.350018936037
0.352035441374
0.354115432591
0.361436729726
0.356830980603
0.352532637448
0.361821439426
0.359994802434
0.360142118099
0.361905233087
0.351329310736
0.356244289279
0.359271428755
0.351148893468
0.365064713887
0.362653990767
0.361135870322
0.355645816549
0.362042569739
0.361699308595
0.363933491299
0.364501942833
0.359097005199
0.36346011958
0.361441336343
0.363749125352
0.364299257979
0.368473755714
0.36636966201
0.362220541102
0.367165337398
0.371498607374
0.370440522804
0.367963137199
0.372044319636
0.362608902496
0.364078694207
0.369331676285
0.365926031755
0.363079442552
0.364363883165
0.364707557655
0.364060940593
0.363893892716
0.357792547291
0.356199236223
0.365496310503
0.370186748971
0.36831172145
0.368519245539
1.07176058242
1.72176058242
1.71534161525
1.71442025687
1.70556741843
1.70295814139
1.70306575781
1.69732714086
1.69144849087
1.69199613477
1.68901332483
1.70359750263
1.68798012289
1.68541033815
1.68351876489
1.68316477895
1.68734764228
1.68620495252
1.69074871793
1.67996274931
1.67961140492
1.67741778971
1.67845358874
1.6850653424
1.68378232294
1.68193114957
1.67801636294
1.68175024656
1.67989342771
1.68199956441
1.67996794222
1.68433319886
1.68164238007
1.68720087277
1.68980571173
1.70055621622
1.67878267727
1.68628491792
1.67979422166
1.68165815545
1.68276429668
1.68330786394
1.67422653043
1.67302913736
1.67520558019
1.67511591794
1.67294488961
1.67189858405
1.66154193324
1.65105942645
1.64849619633
1.64697357905
1.64743702781
1.6588889332
1.65914152805
1.65092785296
1.65117212219
1.65128593757
1.65409277281
1.65208943431
1.65490490033
1.65138543601
1.65460700484
1.65481876829
1.69305215846
1.68692389896
1.67166811472
1.67268421527
1.66618533954
1.66511402977
1.66510212104
1.65965268946
1.6611876679
1.66517079432
1.6630236279
1.66277676723
1.66854225403
1.65959453508
1.65797936239
1.66574093257
1.66439960787
1.66253082047
1.6624469233
1.65606155327
1.67105920346
1.6743615423
1.66267088322
1.65595313169
1.65155026671
1.65468789894
1.65298602927
1.64259188556
1.64549263278
1.64521935217
1.64876884443
1.64310808848
1.64484298237
1.65439357618
1.64719277895
1.64519713455
1.6478612837
1.64868818328
1.64247409185
1.64982118922
1.64850846692
1.64910016843
1.65238027532
1.64840429268
1.64933381173
1.64589379705
1.64686565399
1.64212479128
1.64562615078
1.64248770701
1.64982693013
1.64156092044
1.64693571143
1.65130703936
1.64848729288
1.64684856529
1.64592959983
1.64726465543
1.64825260694
1.64766880124
1.95168711204
1.94854501493
2.46018975314
2.45058858805
2.53320696565
2.534114001
2.49387206468
2.16848936673
2.18707128889
1.98707128889
1.97617902259
1.98191130646
2.00955305247
2.02659412429
2.00005919772
2.02465430588
2.02811741933
2.00893655377
1.989877817
1.99603555326
2.0123249143
2.00140477704
1.98749119126
1.99833077737
2.00381381742
1.9854294384
1.99441328952
2.0009250692
1.97699096329
1.94846898349
1.95718003205
1.99361611384
2.00251865276
1.98304166779
1.97679966348
1.99943379048
1.98224268549
1.98678233663
1.96187252313
1.95130557808
1.945895313
1.92676102831
1.93482372583
1.93821477838
1.95288593967
1.92173899532
1.93099091979
1.9118800669
1.9492460246
1.91582187874
1.92379273198
1.953919301
1.93071360605
1.9477614311
1.93741087322
1.91257237814
1.92082799384
1.93056099655
1.91552986639
1.91189847714
1.92713678202
1.91222284901
1.91977414623
1.92815105269
1.9309275684
1.9247726451
1.91091319779
1.93821231134
1.90683668694
1.93063997876
1.96799755404
1.96355711783
1.96734121471
1.96674194076
1.96522772822
1.99091804143
1.97745210244
2.02668577907
2.05105914092
2.00802330106
2.01375461364
1.98979349578
1.99640068035
1.99948267693
1.9603576441
1.96769814383
1.9983961024
1.95240098668
1.93771887402
1.91554907241
1.95832064645
1.97062636482
1.98056163022
1.98140600439
1.99973060701
1.97179200961
2.00324840776
2.00641698141
2.00777349745
1.96501177435
1.98312036639
1.98124574388
1.98872604756
1.96574542329
2.00311273036
2.007633104
1.97951791737
1.98407234684
1.97583064942
1.94413280082
1.96311790826
1.98136173097
2.00315217896
2.10427029
1.70427029
1.65294741657
1.65617214542
1.67343747735
1.65234097144
1.65165392781
1.64408751628
1.64974719129
1.64468292167
1.646519545
1.63662229575
1.64379944507
1.64276503285
1.63774963945
1.63929972519
1.63189269552
1.63162160979
1.6336912533
1.63520275803
1.63132791966
1.62348206565
1.63119929098
1.63463222076
1.62574528506
1.62422077673
1.62302309996
1.63024580551
1.62281664302
1.62411597872
1.61822028169
1.61850312225
1.61815096607
1.61492732511
1.61562601266
1.63983729397
1.63197838636
1.62255558085
1.62906015882
1.63113251097
1.61923757006
1.61135079259
1.60800880718
1.61531628111
1.60268174343
1.61202058718
1.6089674961
1.61015914125
1.60865064603
1.60530153519
1.60424474255
1.60778089183
1.59996690078
1.60023718562
1.60747003267
1.60712544133
1.59828738266
1.55446861218
1.57149175961
1.56951126572
1.56832954376
1.53866294772
1.5705143706
1.54789852406
1.55816815916
1.56317881638
1.56287339108
1.52733529075
1.54949753187
1.55107827946
1.54997206979
1.5617815048
1.5665011227
1.54974971622
1.56098533571
1.55095203055
1.57245988082
1.5826569422
1.55970176146
1.55400452642
1.55706217048
1.53759306221
1.53635359237
1.5329507372
1.55487692859
1.56951041309
1.55864903833
1.5500570427
1.56257018809
1.55758180992
1.56499794551
1.54805672209
1.55443943984
1.55712333774
1.54573270424
1.54141798789
1.57159587688
1.54327366946
1.54898007217
1.52854371219
1.53772843458
1.54335539286
1.564908152
1.50335178949
1.70427029
1.65294741657
1.65617214542
1.67343747735
1.65234097144
1.65165392781
1.64408751628
1.64974719129
1.64468292167
1.646519545
1.63662229575
1.64379944507
1.64276503285
1.63774963945
1.63929972519
1.63189269552
1.63162160979
1.6336912533
1.63520275803
1.63132791966
1.62348206565
1.63119929098
1.63463222076
1.62574528506
1.62422077673
1.62302309996
1.63024580551
1.62281664302
1.62411597872
1.61822028169
1.61850312225
1.61815096607
1.61492732511
1.61562601266
1.63983729397
1.63197838636
1.62255558085
1.62906015882
1.63113251097
1.61923757006
1.61135079259
1.60800880718
1.61531628111
1.60268174343
1.61202058718
1.6089674961
1.61015914125
1.60865064603
1.60530153519
1.60424474255
1.60778089183
1.59996690078
1.60023718562
1.60747003267
1.60712544133
1.59828738266
1.55446861218
1.57149175961
1.56951126572
1.56832954376
1.53866294772
1.5705143706
1.54789852406
1.55816815916
1.56317881638
1.56287339108
1.52733529075
1.54949753187
1.55107827946
1.54997206979
1.5617815048
1.5665011227
1.54974971622
1.56098533571
1.55095203055
1.57245988082
1.5826569422
1.55970176146
1.55400452642
1.55706217048
1.53759306221
1.53635359237
1.5329507372
1.55487692859
1.56951041309
1.55864903833
1.5500570427
1.56257018809
1.55758180992
1.56499794551
1.54805672209
1.55443943984
1.55712333774
1.54573270424
1.54141798789
1.57159587688
1.54327366946
1.54898007217
1.52854371219
1.53772843458
1.54335539286
1.564908152
1.50335178949
1.70335178949
1.71042093635
1.70912780891
1.71260567963
1.71425820288
1.71445136706
1.71123515757
1.71190078623
1.71159745975
1.7120470136
1.71369327909
1.71134849525
1.7116850162
1.7145285568
1.71482321732
1.71686122463
1.71428892869
1.7218202826
1.75728106319
1.76025063268
1.75324290692
1.75630506465
1.74551608169
1.74614509291
1.74502720131
1.74889042244
1.74963798048
1.75263619179
1.75451343591
1.75482126917
1.754763216
1.76003044295
1.75982418619
1.75564492106
1.75801001783
1.75815012086
1.75322566756
1.75711910363
1.75815942249
1.7570934947
1.75889318096
1.75855906272
1.75900178591
1.75966486135
1.75885885309
1.75992927136
1.75759684045
1.75477732741
1.75381402473
1.75408326344
1.75450360445
1.75300398413
1.75337564669
1.75111949523
1.74663185234
1.74651555983
1.74718621137
1.74588344362
1.74543154814
1.74339466917
1.74283934032
1.74671404191
1.74468157568
1.73771674139
1.73550787876
1.73773360401
1.73366776682
1.7376592875
1.73803073793
1.73641149767
1.73625804129
1.73993624503
1.73999078677
1.73639047981
1.73890579152
1.74206112328
1.74009421135
1.73988141627
1.74330031795
1.74117510967
1.74258007796
1.74117781395
1.74205974202
1.74387156096
1.73964868212
1.72865602334
1.73256026759
1.73753356928
1.74028615776
1.74013545092
1.73835479543
1.73924375568
1.74020952802
1.73989010167
1.73982139733
1.74150339785
1.73992438584
1.73696624793
1.7388910511
1.73738143253
1.73205674196
1.72826458797
1.73090934089
1.73446491895
1.73199450186
1.73341871754
1.73386260419
1.73464238535
1.73628897149
1.73951085904
1.73827113723
1.73936241259
2.32484939809
2.32396650354
2.16305884524
2.16305884524
2.19215138683
2.23250275308
2.27576634186
2.26234887945
2.24403561611
2.23419511452
2.20801809763
2.20998839934
2.35781707388
2.24118151192
2.23565766976
2.23235661993
2.24329818137
2.24366809127
2.24683776043
2.20918129559
2.22636288666
2.2222567645
2.22368657255
2.2292735718
2.21602013141
2.25171235652
2.22837190086
2.22402210153
2.20976043703
2.23206122104
2.2494167704
2.21253229703
2.22658705077
2.22556225066
2.22306349462
2.23759862301
2.21910831606
2.24332875921
2.22830050057
2.23099860897
2.21881020126
2.22077707364
2.20597903572
2.22452777647
2.23828436208
2.23217543646
2.23886212465
2.21422295832
2.19160436331
2.19886029934
2.22094143997
2.20718225851
2.22093181251
2.2096721803
2.21158891882
2.20315243676
2.20093571468
2.20570161301
2.19099758288
2.19594405309
2.19569033743
2.20080276513
2.19674077857
2.18521315771
2.16155676355
2.14661061388
2.16464746177
2.15029377421
2.14706132768
2.15452720583
2.16045046814
2.16754215973
2.18607784322
2.16487633861
2.16820323391
2.16255581165
2.15616721213
2.160738279
2.1798880897
2.19537368327
2.1737480697
2.16908025001
2.16437140648
2.15770442236
2.14856363722
2.15798977313
2.16002671803
2.15730798834
2.15257225018
2.15865983122
2.16608414999
2.1517037236
2.15380228634
2.14059808803
2.17291191698
2.16357479386
2.16096818088
2.14830344907
2.15035690857
2.16184472583
2.14964655701
2.14717910428
2.13804719209
2.133402095
2.1126697237
1.38225863562
1.38225863562
1.28974576385
1.45981382266
1.46670202379
1.28544171342
1.58500786185
1.50802882855
1.60242358186
1.67127974752
1.64001829383
1.59893577875
1.32440943946
1.61598343581
1.50504955178
1.59192021166
1.56790135947
1.55116712717
1.54099179354
1.52211752335
1.52659361839
1.50718700212
1.49398573258
1.4859447555
1.47715240343
1.48543728083
1.44635741873
1.46471775137
1.50575922309
1.52088370205
1.51337462405
1.51054794544
1.49197428064
1.52654424551
1.52974756339
1.51189537906
1.49022920291
1.48224176702
1.4757922356
1.43384688862
1.45501361906
1.45648743166
1.43676811237
1.46054267712
1.46557801083
1.48366789978
1.50808244603
1.47826666111
1.49089179945
1.49268701173
1.48890549066
1.48657968327
1.48117962159
1.48637339197
1.49874010885
1.52837402212
1.52527840216
1.50578231812
1.51898743115
1.48761128293
1.49494023078
1.50349162509
1.4808095163
1.49397050239
1.51825875201
1.53107248576
1.53014451419
1.52147250839
1.51270377342
1.53433396667
1.49938726355
1.51272535692
1.45739629965
1.5149276499
1.50442042643
1.50064163563
1.50554190783
1.51259152838
1.51488735692
1.52097006112
1.50503222685
1.5179942341
1.51594356177
1.48376215225
1.4849859352
1.48710223883
1.48425865667
1.51604031683
1.49842306245
1.5339430539
1.52639432076
1.52015451884
1.48760963776
1.50424263725
1.50597368645
1.51625236053
1.5198147439
1.5036322705
1.49779249957
1.50436626222
1.48910685547
1.48913496841
1.48936662548
1.49276612173
1.50903362762
1.5088613798
1.51550583986
1.48537384423
1.48874239826
1.48882354071
1.49348697839
1.45453404637
1.47596537494
1.4881904655
1.50326245696
1.4939992507
