0.263145151636
0.673774334755
0.666398625639
0.673770815439
0.679400487137
0.678811894202
0.67432424784
0.673295849756
0.671641814834
0.67127608428
0.668440649953
0.668906212783
0.668150115768
0.667665081968
0.668127427606
0.664676339278
0.662341751786
0.663441582446
0.663312995368
0.6618606259
0.656209693572
0.660683338804
0.654310277768
0.655240668532
0.645721696245
0.648885472911
0.646828626674
0.647960153147
0.641550300655
0.639061304852
0.639272139345
0.637613131677
0.634040147561
0.645782134072
0.637333874593
0.640887483409
0.641195364842
0.632383279032
0.637827817938
0.630994923124
0.63203639884
0.627857953331
0.627233218026
0.631341392564
0.625420851886
0.62636733533
0.622888103463
0.623838629559
0.632367525665
0.621760148434
0.617840405156
0.620539103508
0.621658192053
0.620651336522
0.615999276318
0.61779909752
0.623103126266
0.615306494442
0.615791280862
0.614192080812
0.611550550726
0.618652305643
0.615407201741
0.612942230985
0.61739417418
0.611523177853
0.611811410667
0.611290044842
0.614076129152
0.612308431142
0.614983351921
0.61114137027
0.612312169589
0.61449795492
0.612112503603
0.614185771159
0.611298013677
0.611028306074
0.611498443034
0.612055197458
0.613872182191
0.612516771412
0.611655072905
0.610809676938
0.610049057211
0.603068198784
0.602523825053
0.602271814139
0.598821831942
0.600684945997
0.601055689255
0.599517281191
0.597996481383
0.598289471874
0.597472367788
0.597514439693
0.596035106158
0.59546876136
0.595179930789
0.593788388295
0.591849875719
0.167648807783
