0.596334073439
0.572854604228
0.598011045962
0.595224241123
0.596786112685
0.593338999077
0.584476639706
0.599761110874
0.585263362123
0.584012835992
0.584803890604
0.588632883043
0.588125808849
0.586746242629
0.584321521178
0.585551023611
0.585635109882
0.586588326428
0.592837551147
0.602181664185
0.59658509811
0.602518795638
0.604852249684
0.601300638648
0.600173682628
0.597678931101
0.592049179291
0.597341042468
0.587601211407
0.592617045755
0.588775749962
0.591350764286
0.596666261618
0.59722649849
0.606264821546
0.600663392422
0.592350032395
0.591914333302
0.59335533764
0.594751218685
0.590106114392
0.583821424325
0.583038689865
0.576675002632
0.563505354082
0.570699967829
0.564651214309
0.572322303548
0.574036707567
0.573736602923
0.569423319717
0.573147387918
0.577972244764
0.583882999497
0.578240185967
0.57630030242
0.571499954525
0.571472586433
0.574025665022
0.577366580795
0.570176226135
0.569090629923
0.566141229678
0.555126238636
0.554487618074
0.555721817794
0.551842371409
0.554516351973
0.558849590184
0.56544816594
0.543017549315
0.536621548314
0.540857697387
0.539921286598
0.54951139597
0.551150772474
0.552675447798
0.55133258197
0.560472030014
0.556561544947
0.561053560274
0.561462867558
0.56426071423
0.554642690427
0.55697830881
0.555045668122
0.553922921691
0.544456838456
0.554639587054
0.53729849538
0.542905159472
0.543947983406
0.544978705305
0.546326711799
0.54112054762
0.540404561648
0.542847539182
0.538206406437
0.537510115097
0.541124996335
0.540778731758
0.543880677068
0.550407838241
