2.14001842034
2.24695112815
2.26975602303
2.22783341534
2.21108899217
2.29421922668
2.40052757757
2.23660216408
2.24515406809
2.20772226542
2.20021891213
2.19901044475
2.19493121034
2.1740551713
2.17739081972
2.18085034574
2.1965644012
2.19879189594
2.2093626159
2.20517538501
2.24070029878
2.29181892126
2.38533810055
2.32344878244
2.23605457673
2.2316552248
2.22802676679
2.231631919
2.23211478242
2.21237503703
2.19918564545
2.19803888138
2.24925785812
2.23098037113
2.22595850469
2.22840750491
2.21432374599
2.2084901007
2.20592664644
2.2084530084
2.21568253229
2.20022387358
2.19463223251
2.19840964744
2.21109429322
2.22309578028
2.20265119613
2.19800394563
2.20658171334
2.21440073687
2.23060427538
2.2327732493
2.22562615897
2.22441811337
2.21544328143
2.22886189615
2.22256734742
2.21391282951
2.21063680185
2.20855128702
2.21824956919
2.24959153533
2.22187604718
2.21827149459
2.21829284528
2.21823420774
2.21254659063
2.20426314436
2.20848175942
2.21540330391
2.1895522835
2.21996599852
2.2072669119
2.24859204485
2.23994028834
2.24823417708
2.2460153974
2.23347177959
2.22953922385
2.23215935774
2.2349424727
2.23020918914
2.22258911048
2.19442139712
2.18299042664
2.21840448129
2.18380383564
2.21265021631
2.2172546522
2.18250332637
2.19198311327
2.21247237535
2.20168030933
2.19811961148
2.19389854836
2.20144333917
2.20439524814
2.19228320319
2.18498921229
1.57603701411
1.58434422926
1.38434422926
1.37829727124
1.36738154626
1.36506066293
1.36959970316
1.37344726924
1.38374538472
1.37126745312
1.37212200244
1.36970634675
1.36492277099
1.36694811424
1.36522099466
1.37142116602
1.37496203031
1.37103449283
1.36944302437
1.38588528632
1.37838492524
1.37580776335
1.38374754855
1.37555432675
1.37396428019
1.36935147505
1.36906275433
1.36909075481
1.36839241157
1.36764722223
1.36531354023
1.36120937847
1.36615513762
1.36936222521
1.36983916373
1.36517712628
1.36833672449
1.35862211242
1.37206432918
1.35557068305
1.35366823709
1.34816565201
1.36338949076
1.35580955428
1.35458937941
1.35176776937
1.35142916208
1.35326250833
1.34686031782
1.35094846767
1.3496726326
1.35441574051
1.34895662069
1.3459120369
1.36378753577
1.36237814495
1.3483081705
1.3489762951
1.35384211185
1.34354806813
1.34071619449
1.35100931081
1.35048929888
1.35255149526
1.3640377517
1.35708244641
1.35934528206
1.35604171458
1.34474698008
1.34633550758
1.3468161112
1.34674422952
1.33500649194
1.34402277757
1.348150456
1.34819164218
1.36156821131
1.34947956074
1.33942962716
1.32656091249
1.34026803897
1.34936148415
1.34790348382
1.34376791207
1.34074532316
1.3465756032
1.34920865587
1.35523924688
1.34216750948
1.34713330442
1.34905193482
1.32013599179
1.34213128875
1.34319939722
1.3493015226
1.33980745408
1.3317644208
1.34540776601
1.34870602111
1.34758879929
1.34609167118
1.8707761181
2.1207761181
1.74924024724
1.73667567891
1.72054544224
1.7176175271
1.71818736181
1.71015147758
1.69828275149
1.70438891487
1.70349385075
1.70663105605
1.70654017368
1.71910051623
1.71404605508
1.71008704098
1.70920592179
1.71263311278
1.71168618925
1.70815307772
1.7084930135
1.71036565072
1.7094614941
1.71211822439
1.71642744626
1.71028509965
1.71092329531
1.70619606836
1.72089608398
1.71613017421
1.71582060364
1.71115094017
1.71829615309
1.71936574673
1.70742297454
1.70919089967
1.70673601334
1.70672038945
1.70683037473
1.70614448442
1.70107770579
1.70341093888
1.70389112282
1.71122184943
1.70738363217
1.71231302243
1.72014455109
1.71592169572
1.71721751211
1.71253244836
1.72301019253
1.72097016691
1.71965473315
1.7244466757
1.72565596053
1.72946331079
1.72742802359
1.72939592361
1.73010059454
1.72816522146
1.72644567765
1.72317884605
1.72122136344
1.72362885081
1.72365010863
1.7204230806
1.72770054294
1.72554074202
1.72243738997
1.72277297099
1.72612032854
1.73252089649
1.72660682607
1.73147577797
1.72930688856
1.72936970843
1.73362346033
1.73079329519
1.73581406023
1.73988197784
1.73918872857
1.73742390798
1.73958796223
1.74364293576
1.74242231935
1.73682437829
1.72713865294
1.71478242884
1.71655365839
1.71969191358
1.71939878049
1.71449212309
1.71441978194
1.71358150593
1.71309258312
1.71154199479
1.70423910353
1.70024560733
1.71125407036
1.7177019422
1.71390016614
1.71218283242
1.37181935014
1.12181935014
1.05995574794
1.05999848405
1.0344648633
1.01410489735
1.00825041129
1.02967473804
1.02533725648
1.00872644588
0.989296274057
1.00659603092
0.977931955712
0.975799329367
0.973106656162
0.97182128614
0.951822867166
0.961804282425
0.969499668942
0.933799494054
0.940163153529
0.921096521891
0.925661722312
0.922804227066
0.928795381138
0.93606467558
0.942846123204
0.925595071027
0.920337079794
0.922778434757
0.925125524938
0.927905601501
0.925943591228
0.924328463162
0.919219072279
0.919108231494
0.937060065011
0.943041901982
0.917977306049
0.910404886421
0.939790346191
0.945998384287
0.928102253123
0.933325688599
0.928829673665
0.936826659409
0.919055142633
0.929327487425
0.964681812164
0.9867927702
0.959174708035
0.953851557491
0.962122604175
0.939136972655
0.945969479381
0.949172895509
0.95628391909
0.937991011209
0.942528744209
0.951648335219
0.940638614819
0.938402080602
0.929430810354
0.91698810314
0.918384087168
0.914153324068
0.911289010149
0.914448585279
0.908241759487
0.932764307222
0.940895171628
0.924163085925
0.931088465857
0.92250023276
0.897758446115
0.907998569932
0.92126966423
0.910303997339
0.923762482398
0.891726493523
0.898836335744
0.927793547532
0.915271550735
0.918393478267
0.902194483102
0.910288678658
0.928245406868
0.929740818785
0.926947947827
0.922803290843
0.927946282346
0.908930604954
0.9102249763
0.9199741762
0.906772879675
0.922752618036
0.929595323082
0.911853767157
0.912126851083
0.909694445369
0.895045261625
0.90459475007
0.930970524058
0.901799051065
0.899241469081
0.911361172918
0.92728321896
0.904804211295
0.914042319764
0.9078431401
0.9040338194
0.931675887414
0.904449943469
0.898081805482
0.890633148025
0.90312964417
0.889971636832
0.894629883442
0.906547863714
0.895984819873
0.89173626319
0.883783801539
0.886349735681
0.897227155801
0.811357001448
0.812445671724
1.14381470934
1.15339735709
1.25829149025
1.25308463839
1.2026064411
0.792074850529
0.842849258197
0.642849258197
0.636902700377
0.637647061362
0.660611864076
0.686560532256
0.648600857712
0.686001926149
0.68909987081
0.674802644585
0.653182800447
0.65750314881
0.671256384621
0.667358895366
0.652959567057
0.661259259121
0.666036422586
0.640484199127
0.630426237523
0.643236546919
0.618559347018
0.598514203231
0.608886391432
0.634044929514
0.643590959565
0.641191274567
0.627088075027
0.657440476
0.637970843053
0.647777827601
0.627215115555
0.612877036174
0.609595228331
0.581720101916
0.593789778886
0.612559857916
0.619627890548
0.599116118432
0.600469865916
0.598542863456
0.630027444948
0.610471398126
0.626125495502
0.665218699442
0.637682369761
0.658039230798
0.638299424895
0.622572428343
0.627008328391
0.639631705809
0.625262499425
0.615636183887
0.612437546438
0.613968940923
0.621805217035
0.634839443133
0.635955168659
0.626775379938
0.613353929903
0.63974687204
0.624880882617
0.643107783744
0.685358324243
0.682277124974
0.682145592471
0.689345656287
0.684130950292
0.701102956342
0.678838536205
0.743574262689
0.768381998179
0.734436579089
0.738578177164
0.707718826762
0.708969829427
0.70790694705
0.687504777426
0.678169386072
0.705114027524
0.663371432367
0.65287060882
0.638407783548
0.676863733191
0.682132127606
0.689126843387
0.691397320926
0.718566785945
0.685721436652
0.735800231948
0.725845736007
0.724862121362
0.698902660544
0.706833418509
0.715218117833
0.720327668271
0.703076655401
0.731494387702
0.735330235827
0.711149961384
0.714223945509
0.704533217751
0.67578854493
0.696614039225
0.722241295438
0.735442292617
1.43163256125
1.83163256125
1.74599668777
1.74353167689
1.78368985692
1.74677954726
1.74555142155
1.75197329179
1.72657839691
1.72084205308
1.72770100695
1.72415056413
1.713022093
1.71283627583
1.71237050328
1.71282630324
1.71353163231
1.71547028889
1.71530379935
1.71487742435
1.71418252582
1.71534941853
1.71715157056
1.71553530977
1.71657522587
1.71667703772
1.7151898733
1.71586451976
1.71600047778
1.71562028599
1.71709364465
1.71539204358
1.70916632319
1.7137018905
1.71501207055
1.71278103481
1.70528423734
1.70092773164
1.71237360386
1.70269561356
1.70285288092
1.69495439458
1.69382792572
1.70179357931
1.69075928322
1.7027364857
1.70093544105
1.69853428797
1.7040296868
1.69968184292
1.699763277
1.70140656373
1.69502577617
1.69327166042
1.70093013762
1.70215784324
1.702778344
1.63355346241
1.64900235938
1.65721192969
1.65172296583
1.63368651746
1.66621437251
1.64006694357
1.65807747037
1.6597294209
1.65128616827
1.64243019129
1.64664849129
1.64540401654
1.64918238683
1.64199645628
1.65380337123
1.63520171448
1.65784757992
1.64710093571
1.66168048656
1.66156307163
1.65348353248
1.65647076888
1.6538280714
1.64459675093
1.65394686373
1.63408242696
1.64646759276
1.65833042673
1.65371243964
1.64181959505
1.65583616092
1.65426258383
1.66863457039
1.64811227902
1.64860664499
1.65463126204
1.64784676529
1.64682826743
1.68396370452
1.65167789869
1.66063946281
1.63565842181
1.64505889841
1.64633928087
1.65198342842
2.00474347832
1.93163256125
1.84599668777
1.84353167689
1.88368985692
1.84677954726
1.84555142155
1.85197329179
1.82657839691
1.82084205308
1.82770100695
1.82415056413
1.813022093
1.81283627583
1.81237050328
1.81282630324
1.81353163231
1.81547028889
1.81530379935
1.81487742435
1.81418252582
1.81534941853
1.81715157056
1.81553530977
1.81657522587
1.81667703772
1.8151898733
1.81586451976
1.81600047778
1.81562028599
1.81709364465
1.81539204358
1.80916632319
1.8137018905
1.81501207055
1.81278103481
1.80528423734
1.80092773164
1.81237360386
1.80269561356
1.80285288092
1.79495439458
1.79382792572
1.80179357931
1.79075928322
1.8027364857
1.80093544105
1.79853428797
1.8040296868
1.79968184292
1.799763277
1.80140656373
1.79502577617
1.79327166042
1.80093013762
1.80215784324
1.802778344
1.73355346241
1.74900235938
1.75721192969
1.75172296583
1.73368651746
1.76621437251
1.74006694357
1.75807747037
1.7597294209
1.75128616827
1.74243019129
1.74664849129
1.74540401654
1.74918238683
1.74199645628
1.75380337123
1.73520171448
1.75784757992
1.74710093571
1.76168048656
1.76156307163
1.75348353248
1.75647076888
1.7538280714
1.74459675093
1.75394686373
1.73408242696
1.74646759276
1.75833042673
1.75371243964
1.74181959505
1.75583616092
1.75426258383
1.76863457039
1.74811227902
1.74860664499
1.75463126204
1.74784676529
1.74682826743
1.78396370452
1.75167789869
1.76063946281
1.73565842181
1.74505889841
1.74633928087
1.75198342842
2.10474347832
1.80474347832
1.81848189208
1.8297178114
1.83083828184
1.82469837183
1.82451116118
1.8244288433
1.8277641095
1.83045183699
1.83187550863
1.83200809167
1.83130734573
1.83205586848
1.8325386194
1.83441972689
1.83340484827
1.83122444904
1.83482474195
1.88772443977
1.88843150788
1.90081416951
1.89885553399
1.89161155396
1.88499132565
1.88607042375
1.88915537414
1.88935588345
1.88210940412
1.87803995972
1.88287793862
1.88400795605
1.88380418226
1.88451224784
1.87594593641
1.88162638989
1.88222867363
1.87700804409
1.87831368497
1.88004669578
1.87780069528
1.87932411283
1.88090650399
1.88124792348
1.88223146664
1.88312105895
1.88159557607
1.88013440709
1.87816080845
1.8771172693
1.87588479492
1.88115195025
1.878350519
1.8774262535
1.87914900219
1.87436645508
1.87209965595
1.87540596426
1.87139231197
1.87154424556
1.87307345221
1.86886651242
1.87298792392
1.87142397678
1.86642805246
1.86665157164
1.86794412317
1.86618764576
1.87238327456
1.87106011918
1.86671387063
1.86465541498
1.87202886502
1.86957907342
1.86663373926
1.87000767155
1.87190652777
1.87216764399
1.87086780461
1.87331785625
1.87287972214
1.87162145494
1.86950216773
1.87122053969
1.87316174001
1.87258533702
1.86215063397
1.86355211291
1.87035747948
1.86838162862
1.86811413437
1.8697918061
1.86889565079
1.86917519237
1.87040990934
1.86821063866
1.86994664608
1.87123457458
1.86838147175
1.8662804287
1.86968834622
1.86414533501
1.86509141397
1.86924544946
1.86915126641
1.86638053376
1.87056242734
1.86834439543
1.86900123979
1.87008499422
1.87145381822
1.87135253565
1.87149729737
2.08450877915
2.08298743388
1.43657309435
1.43657309435
1.47269143876
1.52040262234
1.5617325955
1.55729032005
1.54013382383
1.5366718727
1.51677370819
1.5190079937
1.6570060167
1.5488117829
1.54614699787
1.5431891518
1.55461662407
1.55242513818
1.55553366194
1.52247149546
1.53955282531
1.53503000802
1.54016031485
1.54255604121
1.53175477999
1.55875872354
1.5441702381
1.54486401634
1.52947552619
1.54852744306
1.56810534627
1.53233585797
1.54464947561
1.54513669938
1.5330260344
1.54936634669
1.53454818378
1.5535836422
1.54591216896
1.5455570378
1.54051460311
1.5404328051
1.5314469883
1.54476984801
1.55979029413
1.55567229008
1.56272170283
1.54468610197
1.52143021077
1.53134615548
1.55075419067
1.53821681275
1.54980656113
1.53582178307
1.53843939248
1.53071493383
1.52884698294
1.53267090026
1.51963891852
1.52042762466
1.52167350601
1.523154449
1.5208051244
1.50766347279
1.48404344446
1.47657745264
1.48793355917
1.4841388332
1.47346301601
1.482359138
1.48514935786
1.48909442712
1.50181620571
1.49396292806
1.49122008965
1.48863771586
1.48072507084
1.48178261456
1.50531730059
1.50322290259
1.5021847402
1.49405517874
1.49021290517
1.48923679379
1.4801058368
1.4921135078
1.48936545582
1.48300042029
1.48183337716
1.49126076169
1.49456284456
1.48597947656
1.48989019504
1.47450347725
1.49544964101
1.49553057648
1.48983892635
1.48282694661
1.48965832752
1.49864781715
1.49109783147
1.49020720754
1.483149044
1.47577074812
1.45512039054
1.227575141
1.227575141
1.41742084787
1.41794641655
1.41186070257
1.11731032025
1.33705898972
1.31800869763
1.22701626899
1.28288422726
1.21889830156
1.2298007429
0.778944583944
1.28423773102
1.25781521929
1.22499713004
1.19405469064
1.17352332849
1.17829847652
1.15006375172
1.14632904752
1.13282018981
1.12778624674
1.12503520452
1.12574622645
1.12491993647
1.09864612479
1.09637969603
1.11638723216
1.12484553465
1.11687574986
1.11480797472
1.10630351804
1.13105022959
1.13812969697
1.1202672906
1.11031479545
1.10138554041
1.10048308901
1.09621820914
1.09272933559
1.09256032842
1.08608539972
1.10649260729
1.10810582204
1.10907433224
1.11793162636
1.08967752667
1.0860715558
1.09056963147
1.09403224011
1.07859506933
1.09151327014
1.09643338553
1.10687128974
1.13224120433
1.13636357306
1.12199974531
1.13018642491
1.13216653081
1.12067797113
1.12527790418
1.10658137621
1.11663687057
1.13015708368
1.13446755957
1.13277662111
1.12965096706
1.12787629903
1.14061740155
1.11867947942
1.15440419352
1.10383292849
1.14136622392
1.12875581192
1.13492787556
1.13609034468
1.13772511167
1.13630281609
1.14792794509
1.13566400459
1.141022842
1.13356733358
1.11194846801
1.11939204081
1.13864120971
1.12098184258
1.13589723254
1.12506752108
1.14653783716
1.13912966076
1.1377080497
1.12342891973
1.12948844845
1.1387360728
1.13937806135
1.14928669057
1.13449710948
1.13213454044
1.15476941655
1.12930258923
1.12712505651
1.12837383318
1.12877878557
1.14178747899
1.14470177949
1.15518096892
1.13400391042
1.13010128929
1.1308454833
1.15303018275
1.11578293035
1.11970261107
1.12704034014
1.13468489153
1.13029438795
