0.41911933799
0.415851076193
0.417600659454
0.413950832913
0.404869854509
0.420190989757
0.40540019722
0.404209165274
0.405196739232
0.40915864131
0.408626439306
0.407359926078
0.404742696016
0.405899670577
0.405988368269
0.407251006918
0.413372744014
0.423241987356
0.417531133564
0.423624479449
0.426116511851
0.422519906754
0.420575773446
0.417810767366
0.41261755096
0.41792794889
0.408120809328
0.413211080383
0.409109351275
0.41201477104
0.417688123842
0.41797430148
0.427321524829
0.421613943721
0.413178347668
0.412640838428
0.414080187321
0.415402593449
0.410627811529
0.404116281549
0.403978489513
0.397467456336
0.383758899029
0.391168886385
0.385034484153
0.392821087789
0.394918948706
0.394512733797
0.389933026707
0.393984114845
0.398654125251
0.404545692377
0.399000088039
0.397130088145
0.392149069266
0.392043072761
0.394504201854
0.398036559685
0.390712817361
0.38981633465
0.386498547694
0.375191176564
0.374738019455
0.375853932743
0.371954040332
0.37474440606
0.379570856935
0.385911264581
0.362964210413
0.356199825938
0.360924268672
0.359879531624
0.369852612501
0.371544785703
0.373482534807
0.371974670166
0.381546482814
0.377691119506
0.381856911581
0.382262316439
0.385183520005
0.375257317601
0.377886893883
0.376228164739
0.374957132145
0.364711311563
0.375182412999
0.357808730624
0.363226046041
0.36431856961
0.365622985079
0.367032571491
0.3616014188
0.360766134771
0.363636440007
0.358398685388
0.357665530787
0.361539677779
0.361111809865
0.364170528
0.370977691176
0.365539657313
0.356826138894
0.356678668257
0.0993683999401
