1.74001842034
1.84695112815
1.86975602303
1.82783341534
1.81108899217
1.89421922668
2.00052757757
1.83660216408
1.84515406809
1.80772226542
1.80021891213
1.79901044475
1.79493121034
1.7740551713
1.77739081972
1.78085034574
1.7965644012
1.79879189594
1.8093626159
1.80517538501
1.84070029878
1.89181892126
1.98533810055
1.92344878244
1.83605457673
1.8316552248
1.82802676679
1.831631919
1.83211478242
1.81237503703
1.79918564545
1.79803888138
1.84925785812
1.83098037113
1.82595850469
1.82840750491
1.81432374599
1.8084901007
1.80592664644
1.8084530084
1.81568253229
1.80022387358
1.79463223251
1.79840964744
1.81109429322
1.82309578028
1.80265119613
1.79800394563
1.80658171334
1.81440073687
1.83060427538
1.8327732493
1.82562615897
1.82441811337
1.81544328143
1.82886189615
1.82256734742
1.81391282951
1.81063680185
1.80855128702
1.81824956919
1.84959153533
1.82187604718
1.81827149459
1.81829284528
1.81823420774
1.81254659063
1.80426314436
1.80848175942
1.81540330391
1.7895522835
1.81996599852
1.8072669119
1.84859204485
1.83994028834
1.84823417708
1.8460153974
1.83347177959
1.82953922385
1.83215935774
1.8349424727
1.83020918914
1.82258911048
1.79442139712
1.78299042664
1.81840448129
1.78380383564
1.81265021631
1.8172546522
1.78250332637
1.79198311327
1.81247237535
1.80168030933
1.79811961148
1.79389854836
1.80144333917
1.80439524814
1.79228320319
1.78498921229
1.17603701411
1.18434422926
1.17829727124
1.16738154626
1.16506066293
1.16959970316
1.17344726924
1.18374538472
1.17126745312
1.17212200244
1.16970634675
1.16492277099
1.16694811424
1.16522099466
1.17142116602
1.17496203031
1.17103449283
1.16944302437
1.18588528632
1.17838492524
1.17580776335
1.18374754855
1.17555432675
1.17396428019
1.16935147505
1.16906275433
1.16909075481
1.16839241157
1.16764722223
1.16531354023
1.16120937847
1.16615513762
1.16936222521
1.16983916373
1.16517712628
1.16833672449
1.15862211242
1.17206432918
1.15557068305
1.15366823709
1.14816565201
1.16338949076
1.15580955428
1.15458937941
1.15176776937
1.15142916208
1.15326250833
1.14686031782
1.15094846767
1.1496726326
1.15441574051
1.14895662069
1.1459120369
1.16378753577
1.16237814495
1.1483081705
1.1489762951
1.15384211185
1.14354806813
1.14071619449
1.15100931081
1.15048929888
1.15255149526
1.1640377517
1.15708244641
1.15934528206
1.15604171458
1.14474698008
1.14633550758
1.1468161112
1.14674422952
1.13500649194
1.14402277757
1.148150456
1.14819164218
1.16156821131
1.14947956074
1.13942962716
1.12656091249
1.14026803897
1.14936148415
1.14790348382
1.14376791207
1.14074532316
1.1465756032
1.14920865587
1.15523924688
1.14216750948
1.14713330442
1.14905193482
1.12013599179
1.14213128875
1.14319939722
1.1493015226
1.13980745408
1.1317644208
1.14540776601
1.14870602111
1.14758879929
1.14609167118
1.6707761181
1.29924024724
1.28667567891
1.27054544224
1.2676175271
1.26818736181
1.26015147758
1.24828275149
1.25438891487
1.25349385075
1.25663105605
1.25654017368
1.26910051623
1.26404605508
1.26008704098
1.25920592179
1.26263311278
1.26168618925
1.25815307772
1.2584930135
1.26036565072
1.2594614941
1.26211822439
1.26642744626
1.26028509965
1.26092329531
1.25619606836
1.27089608398
1.26613017421
1.26582060364
1.26115094017
1.26829615309
1.26936574673
1.25742297454
1.25919089967
1.25673601334
1.25672038945
1.25683037473
1.25614448442
1.25107770579
1.25341093888
1.25389112282
1.26122184943
1.25738363217
1.26231302243
1.27014455109
1.26592169572
1.26721751211
1.26253244836
1.27301019253
1.27097016691
1.26965473315
1.2744466757
1.27565596053
1.27946331079
1.27742802359
1.27939592361
1.28010059454
1.27816522146
1.27644567765
1.27317884605
1.27122136344
1.27362885081
1.27365010863
1.2704230806
1.27770054294
1.27554074202
1.27243738997
1.27277297099
1.27612032854
1.28252089649
1.27660682607
1.28147577797
1.27930688856
1.27936970843
1.28362346033
1.28079329519
1.28581406023
1.28988197784
1.28918872857
1.28742390798
1.28958796223
1.29364293576
1.29242231935
1.28682437829
1.27713865294
1.26478242884
1.26655365839
1.26969191358
1.26939878049
1.26449212309
1.26441978194
1.26358150593
1.26309258312
1.26154199479
1.25423910353
1.25024560733
1.26125407036
1.2677019422
1.26390016614
1.26218283242
0.921819350137
0.859955747937
0.859998484052
0.834464863298
0.814104897346
0.808250411288
0.829674738045
0.825337256475
0.808726445876
0.789296274057
0.80659603092
0.777931955712
0.775799329367
0.773106656162
0.77182128614
0.751822867166
0.761804282425
0.769499668942
0.733799494054
0.740163153529
0.721096521891
0.725661722312
0.722804227066
0.728795381138
0.73606467558
0.742846123204
0.725595071027
0.720337079794
0.722778434757
0.725125524938
0.727905601501
0.725943591228
0.724328463162
0.719219072279
0.719108231494
0.737060065011
0.743041901982
0.717977306049
0.710404886421
0.739790346191
0.745998384287
0.728102253123
0.733325688599
0.728829673665
0.736826659409
0.719055142633
0.729327487425
0.764681812164
0.7867927702
0.759174708035
0.753851557491
0.762122604175
0.739136972655
0.745969479381
0.749172895509
0.75628391909
0.737991011209
0.742528744209
0.751648335219
0.740638614819
0.738402080602
0.729430810354
0.71698810314
0.718384087168
0.714153324068
0.711289010149
0.714448585279
0.708241759487
0.732764307222
0.740895171628
0.724163085925
0.731088465857
0.72250023276
0.697758446115
0.707998569932
0.72126966423
0.710303997339
0.723762482398
0.691726493523
0.698836335744
0.727793547532
0.715271550735
0.718393478267
0.702194483102
0.710288678658
0.728245406868
0.729740818785
0.726947947827
0.722803290843
0.727946282346
0.708930604954
0.7102249763
0.7199741762
0.706772879675
0.722752618036
0.729595323082
0.711853767157
0.712126851083
0.709694445369
0.695045261625
0.70459475007
0.730970524058
0.701799051065
0.699241469081
0.711361172918
0.72728321896
0.704804211295
0.714042319764
0.7078431401
0.7040338194
0.731675887414
0.704449943469
0.698081805482
0.690633148025
0.70312964417
0.689971636832
0.694629883442
0.706547863714
0.695984819873
0.69173626319
0.683783801539
0.686349735681
0.697227155801
0.611357001448
0.612445671724
0.943814709341
0.95339735709
1.05829149025
1.05308463839
1.0026064411
0.592074850529
0.642849258197
0.636902700377
0.637647061362
0.660611864076
0.686560532256
0.648600857712
0.686001926149
0.68909987081
0.674802644585
0.653182800447
0.65750314881
0.671256384621
0.667358895366
0.652959567057
0.661259259121
0.666036422586
0.640484199127
0.630426237523
0.643236546919
0.618559347018
0.598514203231
0.608886391432
0.634044929514
0.643590959565
0.641191274567
0.627088075027
0.657440476
0.637970843053
0.647777827601
0.627215115555
0.612877036174
0.609595228331
0.581720101916
0.593789778886
0.612559857916
0.619627890548
0.599116118432
0.600469865916
0.598542863456
0.630027444948
0.610471398126
0.626125495502
0.665218699442
0.637682369761
0.658039230798
0.638299424895
0.622572428343
0.627008328391
0.639631705809
0.625262499425
0.615636183887
0.612437546438
0.613968940923
0.621805217035
0.634839443133
0.635955168659
0.626775379938
0.613353929903
0.63974687204
0.624880882617
0.643107783744
0.685358324243
0.682277124974
0.682145592471
0.689345656287
0.684130950292
0.701102956342
0.678838536205
0.743574262689
0.768381998179
0.734436579089
0.738578177164
0.707718826762
0.708969829427
0.70790694705
0.687504777426
0.678169386072
0.705114027524
0.663371432367
0.65287060882
0.638407783548
0.676863733191
0.682132127606
0.689126843387
0.691397320926
0.718566785945
0.685721436652
0.735800231948
0.725845736007
0.724862121362
0.698902660544
0.706833418509
0.715218117833
0.720327668271
0.703076655401
0.731494387702
0.735330235827
0.711149961384
0.714223945509
0.704533217751
0.67578854493
0.696614039225
0.722241295438
0.735442292617
1.43163256125
1.34599668777
1.34353167689
1.38368985692
1.34677954726
1.34555142155
1.35197329179
1.32657839691
1.32084205308
1.32770100695
1.32415056413
1.313022093
1.31283627583
1.31237050328
1.31282630324
1.31353163231
1.31547028889
1.31530379935
1.31487742435
1.31418252582
1.31534941853
1.31715157056
1.31553530977
1.31657522587
1.31667703772
1.3151898733
1.31586451976
1.31600047778
1.31562028599
1.31709364465
1.31539204358
1.30916632319
1.3137018905
1.31501207055
1.31278103481
1.30528423734
1.30092773164
1.31237360386
1.30269561356
1.30285288092
1.29495439458
1.29382792572
1.30179357931
1.29075928322
1.3027364857
1.30093544105
1.29853428797
1.3040296868
1.29968184292
1.299763277
1.30140656373
1.29502577617
1.29327166042
1.30093013762
1.30215784324
1.302778344
1.23355346241
1.24900235938
1.25721192969
1.25172296583
1.23368651746
1.26621437251
1.24006694357
1.25807747037
1.2597294209
1.25128616827
1.24243019129
1.24664849129
1.24540401654
1.24918238683
1.24199645628
1.25380337123
1.23520171448
1.25784757992
1.24710093571
1.26168048656
1.26156307163
1.25348353248
1.25647076888
1.2538280714
1.24459675093
1.25394686373
1.23408242696
1.24646759276
1.25833042673
1.25371243964
1.24181959505
1.25583616092
1.25426258383
1.26863457039
1.24811227902
1.24860664499
1.25463126204
1.24784676529
1.24682826743
1.28396370452
1.25167789869
1.26063946281
1.23565842181
1.24505889841
1.24633928087
1.25198342842
1.60474347832
1.61848189208
1.6297178114
1.63083828184
1.62469837183
1.62451116118
1.6244288433
1.6277641095
1.63045183699
1.63187550863
1.63200809167
1.63130734573
1.63205586848
1.6325386194
1.63441972689
1.63340484827
1.63122444904
1.63482474195
1.68772443977
1.68843150788
1.70081416951
1.69885553399
1.69161155396
1.68499132565
1.68607042375
1.68915537414
1.68935588345
1.68210940412
1.67803995972
1.68287793862
1.68400795605
1.68380418226
1.68451224784
1.67594593641
1.68162638989
1.68222867363
1.67700804409
1.67831368497
1.68004669578
1.67780069528
1.67932411283
1.68090650399
1.68124792348
1.68223146664
1.68312105895
1.68159557607
1.68013440709
1.67816080845
1.6771172693
1.67588479492
1.68115195025
1.678350519
1.6774262535
1.67914900219
1.67436645508
1.67209965595
1.67540596426
1.67139231197
1.67154424556
1.67307345221
1.66886651242
1.67298792392
1.67142397678
1.66642805246
1.66665157164
1.66794412317
1.66618764576
1.67238327456
1.67106011918
1.66671387063
1.66465541498
1.67202886502
1.66957907342
1.66663373926
1.67000767155
1.67190652777
1.67216764399
1.67086780461
1.67331785625
1.67287972214
1.67162145494
1.66950216773
1.67122053969
1.67316174001
1.67258533702
1.66215063397
1.66355211291
1.67035747948
1.66838162862
1.66811413437
1.6697918061
1.66889565079
1.66917519237
1.67040990934
1.66821063866
1.66994664608
1.67123457458
1.66838147175
1.6662804287
1.66968834622
1.66414533501
1.66509141397
1.66924544946
1.66915126641
1.66638053376
1.67056242734
1.66834439543
1.66900123979
1.67008499422
1.67145381822
1.67135253565
1.67149729737
1.88450877915
1.88298743388
1.23657309435
1.27269143876
1.32040262234
1.3617325955
1.35729032005
1.34013382383
1.3366718727
1.31677370819
1.3190079937
1.4570060167
1.3488117829
1.34614699787
1.3431891518
1.35461662407
1.35242513818
1.35553366194
1.32247149546
1.33955282531
1.33503000802
1.34016031485
1.34255604121
1.33175477999
1.35875872354
1.3441702381
1.34486401634
1.32947552619
1.34852744306
1.36810534627
1.33233585797
1.34464947561
1.34513669938
1.3330260344
1.34936634669
1.33454818378
1.3535836422
1.34591216896
1.3455570378
1.34051460311
1.3404328051
1.3314469883
1.34476984801
1.35979029413
1.35567229008
1.36272170283
1.34468610197
1.32143021077
1.33134615548
1.35075419067
1.33821681275
1.34980656113
1.33582178307
1.33843939248
1.33071493383
1.32884698294
1.33267090026
1.31963891852
1.32042762466
1.32167350601
1.323154449
1.3208051244
1.30766347279
1.28404344446
1.27657745264
1.28793355917
1.2841388332
1.27346301601
1.282359138
1.28514935786
1.28909442712
1.30181620571
1.29396292806
1.29122008965
1.28863771586
1.28072507084
1.28178261456
1.30531730059
1.30322290259
1.3021847402
1.29405517874
1.29021290517
1.28923679379
1.2801058368
1.2921135078
1.28936545582
1.28300042029
1.28183337716
1.29126076169
1.29456284456
1.28597947656
1.28989019504
1.27450347725
1.29544964101
1.29553057648
1.28983892635
1.28282694661
1.28965832752
1.29864781715
1.29109783147
1.29020720754
1.283149044
1.27577074812
1.25512039054
1.027575141
1.21742084787
1.21794641655
1.21186070257
0.917310320245
1.13705898972
1.11800869763
1.02701626899
1.08288422726
1.01889830156
1.0298007429
0.578944583944
1.08423773102
1.05781521929
1.02499713004
0.994054690637
0.97352332849
0.978298476522
0.950063751725
0.946329047518
0.932820189815
0.92778624674
0.92503520452
0.92574622645
0.924919936474
0.898646124795
0.896379696027
0.916387232158
0.924845534652
0.916875749865
0.914807974717
0.90630351804
0.931050229592
0.938129696965
0.920267290598
0.910314795455
0.901385540407
0.900483089015
0.896218209142
0.892729335588
0.892560328425
0.886085399724
0.906492607288
0.908105822039
0.909074332236
0.917931626358
0.889677526668
0.8860715558
0.890569631472
0.894032240106
0.878595069326
0.891513270137
0.896433385535
0.906871289738
0.932241204333
0.936363573058
0.921999745311
0.930186424914
0.932166530811
0.920677971128
0.925277904177
0.906581376207
0.916636870575
0.93015708368
0.934467559571
0.932776621105
0.929650967059
0.927876299034
0.940617401555
0.918679479422
0.954404193517
0.903832928495
0.941366223921
0.928755811921
0.934927875563
0.936090344682
0.937725111669
0.936302816091
0.947927945095
0.935664004593
0.941022841998
0.933567333578
0.911948468011
0.919392040811
0.938641209707
0.920981842579
0.935897232536
0.925067521077
0.946537837157
0.939129660758
0.9377080497
0.923428919735
0.929488448453
0.938736072803
0.939378061352
0.949286690573
0.934497109478
0.932134540438
0.95476941655
0.929302589235
0.92712505651
0.928373833181
0.928778785575
0.941787478991
0.944701779489
0.95518096892
0.934003910416
0.930101289286
0.930845483304
0.953030182751
0.915782930349
0.91970261107
0.927040340142
0.934684891527
0.930294387951
2.05328460382
2.04847392056
2.04592791946
1.81756787415
1.91120478821
1.42488252186
