1.45575164173
1.63141518734
1.60475076976
1.5718888646
1.56729688845
1.56533154203
1.66402913139
1.5936876211
1.56675731515
1.55132465892
1.54233843471
1.5477541814
1.54134260845
1.50908852376
1.51740250137
1.50148304923
1.5776582371
1.59785173246
1.60557853266
1.57455190019
1.57929241699
1.57789718744
1.62908509408
1.58562732936
1.55723942961
1.56055285148
1.55265007155
1.55819711681
1.59762600767
1.57310010067
1.5546673371
1.55938680072
1.63635034432
1.60704461808
1.58596827369
1.58878850536
1.57339927359
1.56533698694
1.55262835568
1.58758632272
1.60248971762
1.57952931994
1.5718311481
1.56459080737
1.59186709247
1.60788294012
1.55755992043
1.55789101268
1.58027992893
1.57788580651
1.61914424488
1.61875090503
1.61718519717
1.59994971079
1.58563037884
1.61592780148
1.61406047724
1.60011897811
1.59525781287
1.58575278435
1.61276756569
1.64964602302
1.60973577006
1.60426747539
1.62766342706
1.61339776741
1.60535982911
1.59449410513
1.59264602357
1.5870963857
1.58530517053
1.63760061335
1.60460209276
1.65936015182
1.65379677555
1.63358844614
1.64161637591
1.63014470113
1.62403516171
1.6068617459
1.62185486445
1.6150204823
1.60383560303
1.58367854402
1.54729109235
1.58647009132
1.56748804121
1.59101380138
1.59813173804
1.57540302598
1.58115876543
1.61152160358
1.5933650652
1.58220027937
1.58878948357
1.58957491999
1.59463327993
1.58164835742
1.57523203049
1.24159506298
1.23820872978
1.43820872978
1.43455103794
1.42840142973
1.43317358228
1.44781899687
1.44624334406
1.45304713877
1.44663923732
1.44748331207
1.44081161687
1.4360883679
1.43978989623
1.44082351529
1.4780618764
1.47647266645
1.46790781468
1.46255943495
1.46908115327
1.47653785041
1.46961491901
1.47226311923
1.47046098193
1.46720468117
1.45594340611
1.4512920784
1.4524622136
1.45329916397
1.45530785741
1.45385838147
1.44423528435
1.45575397391
1.45687784325
1.45594478535
1.45396969798
1.456844389
1.44345309074
1.45371695933
1.43612185345
1.44131879846
1.44508256777
1.44674109152
1.44469183778
1.42846096457
1.43606311961
1.43697377316
1.42980138741
1.42366156432
1.42296660991
1.41418300562
1.4214447613
1.42490981537
1.41019412798
1.42145571094
1.43049641387
1.42063202454
1.41188075464
1.41713039587
1.40694416409
1.3924413488
1.39471028137
1.41087918297
1.39140445334
1.39323906321
1.37363136307
1.38590726482
1.39940157889
1.37465195098
1.36082678607
1.36299050785
1.38194325468
1.35731398412
1.36691264052
1.37492263351
1.3501156508
1.36233496726
1.34113106863
1.31639769818
1.31423685833
1.34752580054
1.36885941942
1.3780165399
1.35698023636
1.31455070806
1.36014440239
1.34889048045
1.37374283501
1.33933915428
1.32302268144
1.32652423191
1.30980256687
1.3495892801
1.32729187037
1.33604178382
1.33036416836
1.31416184901
1.33074333934
1.33847196318
1.33671357404
1.31486312269
1.60556395701
1.35556395701
1.571831557
1.55599852663
1.53583191276
1.53456787365
1.52439337241
1.52002721423
1.50893630098
1.51057236606
1.50507680144
1.50828856068
1.50569149699
1.51388487344
1.50907403735
1.50863451191
1.49179198428
1.48854667751
1.49231081427
1.4829131764
1.48163545533
1.46553804336
1.48659293173
1.4674880682
1.4720724368
1.44106347297
1.4449583684
1.43669072991
1.44916133127
1.43247987148
1.42303186509
1.42805191976
1.41836661184
1.40674343254
1.43722273865
1.41778957568
1.41598856047
1.41184636534
1.39296161112
1.40270583428
1.39047486494
1.39547428567
1.38773058651
1.38561460287
1.3979180514
1.38591331544
1.38924871376
1.38479588086
1.38778970205
1.41384830618
1.38608753226
1.38014521809
1.38508002241
1.39010993501
1.38860808075
1.38018750868
1.38316215358
1.39673761517
1.38078688141
1.38080217169
1.37646826861
1.37189423023
1.38548782074
1.37705510114
1.37286834859
1.37837207817
1.37447559073
1.37238224223
1.37073388724
1.3709533158
1.37327141454
1.37839512322
1.37198760261
1.37323374566
1.37410297433
1.3726321777
1.37348334314
1.37059583487
1.36834979647
1.37303980641
1.37181399811
1.37167427625
1.37491746053
1.37639922203
1.37220980042
1.37037892289
1.35975521159
1.35156217712
1.35180225153
1.34790777988
1.34696077504
1.34772793162
1.34519650938
1.34175524751
1.34186936559
1.34044776704
1.33549077111
1.33137098573
1.33750577165
1.33934363847
1.33472389704
1.33034907523
1.39680743364
2.04680743364
2.03145261332
2.03168780762
2.02621706179
2.02056550508
2.01743258059
2.02206691644
2.0184663025
2.01197713469
2.00844774416
2.02207594651
2.00951682028
2.01365065694
2.01002459138
2.00652972482
2.00160276797
1.99633607065
1.9992140057
1.99080176651
1.99131279049
1.98378899506
1.98674424439
1.98479753149
1.9865307001
1.98843255691
1.98772787256
1.98192241474
1.97765077072
1.98099265509
1.97993810551
1.98588048053
1.97998710383
1.97405830797
1.97269738782
1.97069888475
1.97987328706
1.97553225096
1.96781367081
1.96848046707
1.96719360946
1.96782295217
1.95505459834
1.95533884937
1.95582258404
1.95593850968
1.95065969359
1.95124138826
1.96816197634
1.96358777187
1.96090509108
1.95807760677
1.95986139973
1.94951466193
1.95065293369
1.95211887946
1.95321664171
1.94808232794
1.9508505521
1.9529722829
1.94708424094
1.94533542008
1.94331703916
1.93685031299
1.96482594752
1.95194613141
1.94221564512
1.94354849555
1.94337447942
1.94734292169
1.94749246094
1.94216812008
1.94155893983
1.93982964727
1.93621025432
1.93685650299
1.93666619429
1.93884621883
1.94124124042
1.93182786483
1.9320031302
1.9587371252
1.94685970904
1.94589080478
1.94341585292
1.94308554746
1.94637117673
1.93576423221
1.94394011383
1.93906054934
1.93979603608
1.94513366232
1.9501582155
1.94859202689
1.93969256626
1.94683506592
1.94458956021
1.93529044833
1.93644820429
1.93754252296
1.9347839846
1.9354171275
1.94263843878
1.93248980731
1.93333018622
1.93430294555
1.93662522428
1.93377479152
1.93526777798
1.93511062633
1.93435613302
1.93889766262
1.93368946438
1.93735304356
1.93584118766
1.93809441578
1.94064373274
1.94573428504
1.93897629949
1.93602477037
1.93438974433
1.93308431038
1.93259600365
1.93454717943
1.97825430684
1.95377596753
2.38222839531
2.37230531718
2.43418756187
2.43473798859
2.40763896118
2.17312900014
2.17778429297
1.97778429297
1.97371903074
1.97456970949
1.99430951956
2.00769077337
1.99621631163
2.01214570102
2.0121934358
1.99651622258
1.97978262915
1.98356226915
1.99328032882
1.98781990422
1.97661785801
1.98500093034
1.98708885942
1.97437916183
1.97340757733
1.97794562628
1.96149518725
1.94333129732
1.94806471146
1.98278203345
1.99174024834
1.97322446139
1.96820854799
1.98230469647
1.97064457761
1.97734596613
1.95666271203
1.94665779021
1.94823925758
1.93196640921
1.93564024546
1.94145058349
1.94918781883
1.93124529879
1.93610365847
1.92780288182
1.95139026666
1.92133587263
1.92782965723
1.95127256708
1.93340307862
1.94428401231
1.93646423537
1.91834641991
1.92375185732
1.93252043744
1.92010859796
1.92119502937
1.92871024698
1.91889842434
1.92231974508
1.92942665343
1.93160534366
1.92823572934
1.91801094992
1.93358580435
1.91412897979
1.93235180586
1.95927435217
1.95244358855
1.95616437826
1.95679951755
1.95466403039
1.97232070648
1.96536302739
1.99776929865
2.01648372721
1.98312097272
1.98713925233
1.96781012706
1.97121123583
1.96700373822
1.94656115425
1.94726168358
1.96651850551
1.93732282056
1.92760028529
1.91633697897
1.94215628015
1.94739632784
1.94710519951
1.94948793965
1.97095409947
1.95202332341
1.97192585657
1.97455299071
1.97470931268
1.94670252705
1.95614448116
1.95851127221
1.96404200654
1.94506730158
1.97371796252
1.9768446744
1.95538648641
1.95900208064
1.95540259185
1.9342321136
1.94523510538
1.95832175536
1.97282122049
0.890413100193
0.490413100193
0.486504867183
0.494528001371
0.484645894774
0.484420570994
0.49449645246
0.488858271109
0.505702919944
0.510546681656
0.502922634635
0.495213759546
0.564998314462
0.555744078667
0.547850262362
0.548405659513
0.54120204642
0.525012803284
0.53096481234
0.531286603238
0.528925448662
0.518762867977
0.522660168567
0.529000776325
0.523366283337
0.519580443324
0.521446845256
0.530778900547
0.520977580076
0.52180248431
0.521336666241
0.518581024259
0.523797787203
0.512689984844
0.515824645867
0.528742932618
0.541632977773
0.526280464222
0.519373304
0.555821818171
0.53374935412
0.528015823676
0.525154199933
0.524582750393
0.524144961095
0.522471198783
0.522167905158
0.524767481807
0.518712501135
0.516875030696
0.522035335974
0.518249081976
0.517399084255
0.516380550965
0.520232365604
0.519029881411
0.509141525844
0.530425968881
0.529185617475
0.518949965509
0.52207286708
0.517514596633
0.51047674492
0.514680108506
0.504956731082
0.511061503043
0.51940612415
0.503317433069
0.515481063931
0.522204316323
0.513758041779
0.551499559835
0.539471775746
0.545799931297
0.534090015027
0.530424552926
0.531740132013
0.53994854017
0.532689351923
0.528647542823
0.531227806716
0.538997262351
0.527594482419
0.548296503462
0.553148208933
0.546815801734
0.542350197171
0.549809243343
0.561044170258
0.536302180054
0.544734140439
0.54951191904
0.550976328837
0.539427032826
0.551507645033
0.544940148632
0.524420893051
0.547300882616
0.549564700732
0.543323120052
0.544091192183
0.543269311358
0.572242708795
0.973492646706
0.390413100193
0.386504867183
0.394528001371
0.384645894774
0.384420570994
0.39449645246
0.388858271109
0.405702919944
0.410546681656
0.402922634635
0.395213759546
0.464998314462
0.455744078667
0.447850262362
0.448405659513
0.44120204642
0.425012803284
0.43096481234
0.431286603238
0.428925448662
0.418762867977
0.422660168567
0.429000776325
0.423366283337
0.419580443324
0.421446845256
0.430778900547
0.420977580076
0.42180248431
0.421336666241
0.418581024259
0.423797787203
0.412689984844
0.415824645867
0.428742932618
0.441632977773
0.426280464222
0.419373304
0.455821818171
0.43374935412
0.428015823676
0.425154199933
0.424582750393
0.424144961095
0.422471198783
0.422167905158
0.424767481807
0.418712501135
0.416875030696
0.422035335974
0.418249081976
0.417399084255
0.416380550965
0.420232365604
0.419029881411
0.409141525844
0.430425968881
0.429185617475
0.418949965509
0.42207286708
0.417514596633
0.41047674492
0.414680108506
0.404956731082
0.411061503043
0.41940612415
0.403317433069
0.415481063931
0.422204316323
0.413758041779
0.451499559835
0.439471775746
0.445799931297
0.434090015027
0.430424552926
0.431740132013
0.43994854017
0.432689351923
0.428647542823
0.431227806716
0.438997262351
0.427594482419
0.448296503462
0.453148208933
0.446815801734
0.442350197171
0.449809243343
0.461044170258
0.436302180054
0.444734140439
0.44951191904
0.450976328837
0.439427032826
0.451507645033
0.444940148632
0.424420893051
0.447300882616
0.449564700732
0.443323120052
0.444091192183
0.443269311358
0.472242708795
0.873492646706
1.17349264671
1.18212881045
1.19453950443
1.19401396156
1.18562925694
1.18528692818
1.18334640142
1.18952293706
1.1927429883
1.19460165125
1.19584552823
1.19393511127
1.19427746702
1.19636587269
1.1965237185
1.19883349359
1.19868259371
1.20224062766
1.20926734143
1.2081581872
1.22169881253
1.2189585219
1.21315141057
1.20464494281
1.20230040329
1.20348295522
1.20403924961
1.19580437608
1.19759284238
1.19736391681
1.19944107896
1.20106131943
1.20103101263
1.19916478777
1.1993166805
1.19926318426
1.19682639117
1.19955640295
1.19995063693
1.19980191748
1.20074462689
1.2000431545
1.19994456989
1.20047425008
1.1996454623
1.20092154846
1.20025254615
1.19792696429
1.19886274508
1.19875700549
1.19746816355
1.19852291332
1.19769628019
1.19576550874
1.1945010979
1.19509421088
1.19702562837
1.19646466842
1.19665390215
1.19457782631
1.19525458669
1.19728192026
1.19745072714
1.19247109204
1.19034599116
1.19218996573
1.19031406497
1.19078285165
1.19116741744
1.19228306192
1.19280386144
1.19995219826
1.19257082228
1.19228377822
1.19284953851
1.19476098917
1.19319438943
1.1937440465
1.19454666793
1.19382097077
1.19452901205
1.19398445927
1.19455173627
1.19530465152
1.19269429261
1.18809597466
1.18862260536
1.19091492459
1.1943757413
1.19366338947
1.19214136635
1.1926651701
1.1929512682
1.19123854558
1.1926033127
1.19402647008
1.19214886892
1.19097208348
1.19282726244
1.19090774361
1.18756124087
1.18478881615
1.18587780409
1.187480605
1.1875231219
1.18782700855
1.18924810782
1.18918118114
1.18977517923
1.19137910561
1.19194814748
1.19274602459
1.89332588432
1.89278047714
1.69763542808
1.69763542808
1.72572066611
1.76392034298
1.80622085212
1.79418575334
1.77735073243
1.76876590748
1.74546912034
1.74692670663
1.89342255889
1.77805118405
1.77595178276
1.76912946369
1.78469325864
1.76984559059
1.784006449
1.74828693251
1.75661399429
1.76616101048
1.75940361535
1.76247896618
1.74666881505
1.79137660567
1.77152196384
1.76778557842
1.75454195763
1.77296518926
1.79123052974
1.7527436113
1.77242360182
1.77157978364
1.76799820825
1.77838993595
1.75668053209
1.78165597345
1.76673451595
1.7758744648
1.75463765493
1.7666671563
1.73719732788
1.76660895935
1.76952544579
1.77125945194
1.77252367395
1.75758411093
1.70971920362
1.73560516427
1.75769372966
1.73323003443
1.74416946534
1.74330281305
1.73579698152
1.7293253347
1.73507639004
1.73143877018
1.70389209068
1.67335560484
1.68837367136
1.72409841035
1.6823355622
1.68793309281
1.64871539407
1.63485280815
1.6496245032
1.64032743892
1.6403187326
1.6440224778
1.63585061164
1.68476524289
1.69534006802
1.6806483356
1.65479107541
1.65754015966
1.64642665824
1.63988005602
1.6614242831
1.66535996901
1.65713091767
1.67527456634
1.64695779747
1.62981233229
1.61777521878
1.64256208304
1.62698637933
1.63452122559
1.62672535064
1.62747682058
1.64935074247
1.63529704534
1.6299121231
1.60404128505
1.63390130237
1.63280059561
1.65559758104
1.61506569944
1.62833789408
1.63813507992
1.61563794401
1.61802937181
1.61579764283
1.60584557275
1.58397325132
1.84222321977
1.84222321977
1.79216802877
1.83705841607
1.85284266614
1.58948315978
1.8902090985
1.83307737157
1.82055858946
1.81526669514
1.79233870066
1.70204164159
1.65716471319
1.87749221328
1.81118660505
1.84394437875
1.8292510124
1.80694472985
1.79413516801
1.77871323792
1.78015774974
1.75884619066
1.75889179747
1.75784765258
1.75428779094
1.75971643566
1.73132422391
1.74216241674
1.76395013528
1.75993471772
1.77202228173
1.77057325534
1.74737256684
1.77105183214
1.76707604085
1.76623410086
1.74454727126
1.74997736315
1.74674009935
1.71370791287
1.73492586912
1.73662100052
1.71808394627
1.7344482168
1.73958864153
1.733523237
1.78545479754
1.76729529163
1.77193788609
1.76509822501
1.75420602109
1.7752666768
1.77258235128
1.77576250233
1.78286121267
1.79911721108
1.78902355438
1.77636614752
1.77944765212
1.75539424323
1.75997290323
1.77407819202
1.75696171133
1.76907246825
1.78256244321
1.78551286536
1.78967344344
1.78478340473
1.76327200472
1.77177485285
1.76059163597
1.77526995211
1.74833836003
1.77805245132
1.76195538231
1.76580717614
1.77247116658
1.77660794944
1.77230801964
1.77285711081
1.76563601694
1.77459221119
1.78386209453
1.77487787946
1.77098188773
1.76692131238
1.76198349372
1.77230667563
1.76900258256
1.7889110649
1.78851229674
1.77696719854
1.76222747702
1.78132808923
1.78192198071
1.78799311583
1.78842216129
1.77871619439
1.76820001162
1.7710042337
1.76284334181
1.77736414267
1.77264236021
1.77121260169
1.77405618462
1.77384664918
1.77320722443
1.76053162852
1.76324147363
1.76238750952
1.76484328771
1.74361189662
1.75561720056
1.7624020905
1.77093749203
1.75854647331
