1.23950965507
1.12536256689
1.14234922566
1.111396504
1.11880917106
1.08375053484
1.16811645374
1.13358409239
1.10285362991
1.08883222528
1.09122364895
1.11159102262
1.08868380357
1.0521526305
1.06832862976
1.04536585379
1.10038594519
1.10051742089
1.12309037676
1.09784203401
1.11491076034
1.12051263698
1.15737120721
1.14972648747
1.101909327
1.10994699858
1.10630749146
1.10923125738
1.15513451128
1.13276984433
1.12159691155
1.11968128133
1.17138443264
1.15192204936
1.13868837256
1.15325894707
1.15646006748
1.11912365492
1.11651481709
1.1433642879
1.15124699835
1.12377711249
1.13551992186
1.11547569973
1.12200437867
1.17127226069
1.08149138715
1.12473732566
1.11840687892
1.1230497984
1.1412386192
1.15974332623
1.1583887368
1.1392355643
1.12141563245
1.14821015898
1.15223117611
1.1601769534
1.14169327702
1.12756831666
1.14934821365
1.16578844849
1.13705924584
1.11985140288
1.14825959734
1.13820996743
1.13900727557
1.1276987222
1.11900451128
1.10353853912
1.08931257187
1.14735247612
1.10142993655
1.14128731705
1.16142291847
1.14118111069
1.12954821444
1.12751420077
1.11559091411
1.08842908398
1.10404087178
1.08599762071
1.06923580822
1.04674261718
1.03364439417
1.08737229598
1.04312209955
1.08006094391
1.0787865544
1.04576138244
1.06572757861
1.08181689115
1.08184688112
1.04539024254
1.05827979211
1.06540257692
1.06766967948
1.05296498011
1.06480014042
1.12016935177
1.11967230824
1.12224841567
1.12373201269
1.12535621171
1.11868772288
1.11611306775
1.10885551501
1.11710671517
1.11309899981
1.11722348183
1.1172920985
1.1197191745
1.11482666989
1.12300969803
1.11970582377
1.12120582655
1.12451925429
1.10941544397
1.11363045438
1.12386382908
1.11842909285
1.11814411488
1.11997205494
1.12325228596
1.12038893323
1.1182795443
1.10969660176
1.11408740546
1.11263495498
1.11597864329
1.11588594144
1.10922887647
1.10944823434
1.11258297951
1.10637622192
1.10828015794
1.11099294519
1.11676302017
1.1229120565
1.11553263579
1.0982155097
1.1131942381
1.10951038831
1.11049573648
1.11263988675
1.10949458355
1.10680156488
1.10782164207
1.10685470738
1.11448649933
1.11320483238
1.10654757387
1.09953996626
1.10239164675
1.11065719037
1.1012206682
1.09471155224
1.09319710711
1.09037799423
1.07513524929
1.10045767381
1.09875528017
1.07350032379
1.05350051494
1.06648599499
1.090888294
1.08395953779
1.05408976966
1.05227659151
1.0821392911
1.07403114541
1.06635697728
1.06942047247
1.05860566077
1.0343251589
1.02611018962
1.02244886668
1.02934377376
1.04637874727
1.07105888172
1.08035188018
1.05969631208
1.02303160476
1.05825084811
1.04062933856
1.06304844322
1.04271842032
1.02375854288
1.0299448016
1.04010371784
1.03749992693
1.01506413258
1.02691667755
1.03727330956
1.0454952835
1.01793951583
1.03177313405
1.03614242205
1.01408334582
1.45779559606
1.37347152411
1.35821504649
1.33121130036
1.32328936676
1.30478480538
1.28840081582
1.28318226007
1.28080687808
1.27509658345
1.27559837384
1.27276539997
1.27514841742
1.27206448804
1.27545301302
1.25589956823
1.25245877131
1.25834993428
1.24817568865
1.24433723046
1.2271797985
1.25001320379
1.22679588982
1.23028906333
1.19908433957
1.20341948852
1.19696975565
1.203393384
1.18771351637
1.17845918993
1.18387170808
1.1733333946
1.16491649003
1.20162564411
1.17809851488
1.18461616109
1.18219982565
1.16063759256
1.17148273427
1.16065457331
1.16381250468
1.15454915546
1.15079612847
1.16392854314
1.14933217768
1.15036376871
1.14593447685
1.1482412671
1.17410315202
1.14421039353
1.13752100842
1.14317902758
1.14717916571
1.14552775848
1.13619382926
1.13771093272
1.15218345107
1.13443946389
1.13422634903
1.13223013088
1.12737256634
1.14240393829
1.13327049152
1.12777123604
1.13705374815
1.12802311963
1.12759052693
1.12677943643
1.12856578458
1.12822465333
1.13162570805
1.12826486939
1.12993156866
1.13033132644
1.12934635511
1.1303807371
1.12779495382
1.12574549772
1.12843202498
1.12704448704
1.12934715515
1.12810789314
1.12820317021
1.12615357873
1.12597608449
1.11706921146
1.11559729555
1.11467895174
1.11011878521
1.11126812399
1.11200755424
1.10860069461
1.10692752349
1.10702305209
1.10558506121
1.10487771269
1.10221043305
1.10372727108
1.10321018956
1.10055265446
1.09710121255
1.39935244912
1.39225657678
1.39073116745
1.37784116343
1.37479294289
1.3764845253
1.37433673528
1.37067247803
1.36817677326
1.36140004613
1.37989933404
1.35817749156
1.36012427673
1.35158136456
1.35066571298
1.35627514272
1.35561148991
1.36172104732
1.35428831996
1.35487556826
1.34916099579
1.35206548479
1.35836588108
1.35494891608
1.3529028083
1.35479303174
1.35625859249
1.34752898004
1.3523006336
1.34929037456
1.35600665112
1.35384140905
1.35563930686
1.35983672377
1.36882762644
1.34468369059
1.3572182571
1.34672904291
1.34582129828
1.34626930539
1.34703373167
1.33290558854
1.32897532842
1.32697803496
1.32745484367
1.32958027543
1.3281327687
1.32843269649
1.30879203587
1.30348699928
1.2987690953
1.29828832549
1.31638842581
1.31713010156
1.30033422285
1.29989102126
1.29459283975
1.30852490338
1.30298229197
1.30329061728
1.29994075727
1.29949259594
1.29154674481
1.34838266569
1.34073793044
1.32374007691
1.33191879061
1.32099809123
1.32242524879
1.32174366095
1.30660557461
1.30841356834
1.31538249216
1.30628962085
1.30598322755
1.31778787974
1.29844471134
1.29449837673
1.31315780589
1.31292168506
1.32494277899
1.32205075509
1.3123456475
1.32466795209
1.33197340798
1.32146042243
1.31206598789
1.29835356112
1.30732750055
1.30338633965
1.2832646659
1.29785196979
1.29403282535
1.29601183512
1.30107842473
1.29806267329
1.30318507057
1.29902487638
1.29164396798
1.29848015538
1.29671935308
1.28745336896
1.30646370966
1.30009466114
1.2976023627
1.29647595516
1.29767004238
1.29555575843
1.2937232045
1.29318915334
1.28863697765
1.30514379201
1.28908823936
1.29557033463
1.2870853165
1.31151059297
1.3163293297
1.29578077635
1.29330427049
1.29383046475
1.29386403815
1.29955814281
1.29546191886
1.5208396871
1.49908689806
1.99255384191
1.98226987145
2.05815138726
2.05645971876
2.01879874039
1.70534667885
1.72446439524
1.70934548347
1.71850026874
1.74773481484
1.76346544372
1.73577087744
1.75921009795
1.76507716172
1.74139775879
1.72317812727
1.72931810619
1.74775539469
1.73408347708
1.7164769032
1.72550842164
1.7382800049
1.71355005083
1.72675279858
1.7346351965
1.71513518564
1.68773834847
1.6959689454
1.72388112585
1.72911287993
1.71838189113
1.71165139258
1.7332418917
1.71750053142
1.72240973898
1.69607906742
1.68911245178
1.67776281726
1.66634273526
1.66907860189
1.67497287143
1.68820552294
1.65785187848
1.66467474544
1.64386217522
1.67840287151
1.64563381733
1.65181615706
1.67609409698
1.65358531839
1.66983305989
1.66239769778
1.63897452651
1.64678570055
1.65431774447
1.64163643671
1.63816927729
1.65481389795
1.6377707037
1.64609934441
1.65308855307
1.65521236272
1.65030197417
1.63620062246
1.66155523253
1.63032848075
1.65494716058
1.69050114499
1.68493352188
1.68903422367
1.6887514496
1.68698699543
1.72899227671
1.70854354274
1.74866696292
1.77393178884
1.73005416797
1.73443315981
1.71346889194
1.72105579488
1.72658556575
1.68560855061
1.69705312134
1.72993530621
1.67304027635
1.65838924603
1.64076015337
1.67759051452
1.69091599687
1.70018426663
1.70235193672
1.71781086093
1.69562126291
1.72250743305
1.72666427821
1.72900979715
1.68591168542
1.70426140365
1.69926239233
1.70584163424
1.6849451604
1.71923233711
1.72384580633
1.69631872182
1.70050750477
1.69300093443
1.66431393617
1.6830013561
1.6972145893
1.72185001217
0.788482507526
0.806461528157
0.814692003435
0.80037795143
0.81428420197
0.805118158706
0.781761963405
0.825169334402
0.812774784904
0.818997812011
0.80586792456
0.801426254012
0.799370153886
0.799872924767
0.803189533414
0.785110622383
0.79313515143
0.792344704908
0.794005501969
0.795921807505
0.771170262819
0.789440751799
0.798104323422
0.775745741597
0.778131983981
0.777421786508
0.789732654099
0.773383530939
0.774983227607
0.747849694418
0.765928895588
0.765431070769
0.760251402638
0.760008064913
0.79058886681
0.799607329625
0.789458828551
0.790022222177
0.795527601697
0.778643326699
0.777319279111
0.769161577462
0.769031731522
0.763430372666
0.765328039046
0.763528570621
0.771917825952
0.758413302717
0.75967903082
0.751164125926
0.765894355606
0.75502561691
0.763883765286
0.763764871111
0.759748140824
0.73625937559
0.77013348118
0.77652772351
0.756632315148
0.761747381375
0.736478825909
0.743817531413
0.742688788996
0.729571302521
0.733281827167
0.751066656171
0.708278588977
0.735538391402
0.736281312282
0.727254743689
0.758384347083
0.749507711622
0.745536849316
0.726080570235
0.730827748938
0.736713037719
0.753348384279
0.727938364669
0.713391040692
0.727157781608
0.697124933828
0.685663958198
0.706417745258
0.733518328936
0.74865972739
0.731618640535
0.734057197714
0.720836183127
0.725248750485
0.701087918565
0.709067491512
0.724950334176
0.724014350956
0.707192710399
0.704280561143
0.707826457695
0.693560586811
0.690982786859
0.696434701962
0.702294381654
0.709611221963
0.745906366419
0.999327240334
1.01704343152
1.02775879244
1.02884189939
1.02133742935
1.02117741739
1.01669190708
1.02388905842
1.02623015834
1.02848784844
1.03098972725
1.02757338373
1.02794351841
1.03227151577
1.03345344419
1.03751063919
1.03715324502
1.04482190541
1.04877553664
1.04986852621
1.06161046742
1.05437654983
1.03529981357
1.02849983584
1.02765736142
1.03516133534
1.03609396097
1.03057023144
1.03093506038
1.03451817674
1.03592933699
1.0424880311
1.04233579834
1.03164275652
1.03816237087
1.03862614929
1.02883064843
1.03538409451
1.0372810077
1.03444805062
1.03816768334
1.03815594909
1.03823187965
1.04102679777
1.03968050581
1.04074758872
1.03926015992
1.03060142313
1.03393271063
1.03114242111
1.03413235145
1.03567076304
1.031307187
1.03020786632
1.02415041266
1.02296466301
1.02567338365
1.02674958482
1.03070593307
1.02572109903
1.02190337185
1.0303042636
1.03072366253
1.01536477937
1.01163028722
1.01761629439
1.01239990502
1.01947112076
1.0184250617
1.01661478836
1.01540619223
1.0143857719
1.01853278003
1.01661684861
1.02053631497
1.02669215592
1.02374825366
1.02406021432
1.02720754988
1.02614434145
1.02553961387
1.02205315238
1.02544786003
1.02900741647
1.02369976266
1.00486736819
1.00760293094
1.01737665562
1.02258268764
1.01998989934
1.01911462421
1.01876454812
1.01930152277
1.01521678058
1.01668250952
1.02248979445
1.01942018472
1.01507648355
1.01589336645
1.01630400305
1.00481804725
0.998338140859
1.00568547353
1.00755317538
1.0060463816
1.01164148212
1.01296860544
1.01281179849
1.01473789762
1.01878511689
1.02144202881
1.02314736911
1.83600692967
1.83549973269
1.7992703118
1.83356133712
1.87791498023
1.92480579856
1.91266475862
1.89294860421
1.88480421891
1.8596317355
1.86170527676
2.02359622182
1.89644002035
1.89490372926
1.88725568854
1.90398510198
1.89296405768
1.90236844766
1.86418003338
1.87751451461
1.88340752129
1.88037142328
1.88383886743
1.8676853285
1.9121951404
1.88967182045
1.8861391849
1.87113360678
1.8929901895
1.91184307779
1.86992100962
1.89109706799
1.89040386918
1.8771305405
1.89226664864
1.87078660479
1.89975878319
1.88134285143
1.89004902441
1.86976187599
1.88044327787
1.85309179363
1.88205653821
1.89122447084
1.8926246378
1.895369263
1.87471899552
1.82707058888
1.85130184364
1.87667204345
1.85031901435
1.86242390607
1.85992619098
1.85114918949
1.84539243077
1.8506981705
1.85019956908
1.82151703389
1.79950477294
1.81106889093
1.83898669533
1.80573697325
1.80185078869
1.7681319577
1.74581711543
1.77091044292
1.74684232364
1.75243059669
1.7550086852
1.7546342908
1.80128898577
1.81156341324
1.78564803678
1.76730820762
1.75940354873
1.75176014779
1.76153278877
1.77238802739
1.78503829279
1.77220909148
1.78989108038
1.76820817475
1.74982874806
1.73998859534
1.75874900668
1.75283776086
1.75934191611
1.74411169682
1.7438381791
1.76521059808
1.74914180757
1.74360247904
1.72572827393
1.76708484708
1.74937013702
1.77497174076
1.73594547824
1.74487007867
1.75959914881
1.73233489605
1.73495876454
1.72812581573
1.71554265664
1.69607321372
1.79683372924
1.68941373576
1.77192016581
1.79034835043
1.49154526828
1.88583845258
1.84406112557
1.77936721367
1.79119071653
1.8020516622
1.67510616072
1.35349684811
1.86578974069
1.74756636603
1.79598647182
1.77674158429
1.75277884111
1.74195490239
1.72022745196
1.72238781918
1.6986153992
1.69562676385
1.69307277383
1.68810985719
1.69401701298
1.65929726639
1.67180820986
1.70161574335
1.70253223714
1.70979775694
1.70828065153
1.68331769571
1.71390737079
1.71203682151
1.70531574786
1.68138686717
1.68293046733
1.678520745
1.63926540295
1.66296624126
1.66450109656
1.64304018207
1.66441872878
1.67027627535
1.66954907916
1.72088016106
1.69606529664
1.70285692816
1.69773536837
1.68776921078
1.72809280444
1.70131753505
1.70564422647
1.71542991175
1.73811308035
1.72906136582
1.71296234195
1.7192723424
1.69036599027
1.69613443031
1.71093959099
1.68992159592
1.70436065567
1.72318951786
1.72858617811
1.73234054285
1.72547639226
1.70546245139
1.71884768996
1.70010260913
1.71876510162
1.67681938085
1.72157545835
1.704831583
1.70743069997
1.71513432326
1.72050899538
1.71576630866
1.71887654755
1.7095446992
1.71999508359
1.72494437361
1.70802946295
1.70739389452
1.70597554479
1.70046046816
1.71754421889
1.70949830099
1.73705877688
1.73338287883
1.72302114063
1.70164945917
1.72234184322
1.72370671151
1.73150210908
1.73320069765
1.72056616937
1.71007915386
1.71449806067
1.70281533666
1.71496611632
1.71111154488
1.71082431188
1.71800729861
1.71789039254
1.71938766638
1.70001150041
1.70308545528
1.7027825395
1.7062123561
1.67672339864
1.6928415327
1.70210990419
1.71357823244
1.70043720527
2.02281540484
2.0206626711
2.0199486606
1.22095434006
1.23854581759
1.37712855156
