-1.78115384615
-12.3581481481
-35.1402409639
-7.55430379747
7.50891566265
-1.99892473118
-0.455638297872
19.2908695652
-8.8283908046
0.287590361446
-12.8908860759
3.40963855422
-12.9974257426
5.3325
-15.678
-1.54465116279
-35.1592708333
-1.25779069767
71.0195145631
-1.81790697674
10.0562222222
1.83969387755
-31.4794791667
-13.9653571429
-3.4795
-1.06824175824
-5.824
-9.92772727273
0.872873563218
-3.70020408163
-0.277052631579
27.9121686747
-1.7120212766
-9.28988888889
2.68488888889
-22.5922619048
6.2
3.34836956522
8.25757894737
