-777.428913043
-7.8452173913
-34.4225581395
-5.9044047619
-41.6621782178
-7.77951219512
-32.3488043478
-37.601978022
-37.743902439
-23.8479591837
-7.7
-24.4214141414
-12.0906976744
-8.89375
-5.84773333333
-3.69793103448
-9.18546511628
-15.0602380952
-15.6511235955
-6.48931818182
-44.3889130435
-11.4354651163
-24.3487012987
-168.567957746
-711.799213483
-7.06050632911
4.22049382716
30.5154545455
6.35575
9.812375
0.964268292683
-10.9392682927
-4.6525
-10.4173684211
-3.28931818182
-1.14084210526
0.628045977011
