-13.9659756098
-2.63048780488
0.6675
-1.19954545455
-3.65352272727
-3.2497826087
-6.83098765432
0.00385542168675
-2.01427083333
1.3689
1.24593406593
5.90967032967
-1.65076086957
-5.5675
27.6548
0.805377358491
-3.72929824561
-0.534536082474
-0.0289
0.411136363636
-2.86468085106
7.04652631579
-0.79032967033
2.08021276596
-1.77235772358
1.11494845361
4.7619266055
0.986057692308
0.558916666667
16.0894845361
-0.841134020619
1.04900990099
-6.81368421053
-2.86367346939
-3.89780701754
0.628045977011
-132.95304878
