-8.46818181818
3.72382978723
-1.0928125
3.37703296703
-8.36341176471
-0.697415730337
-10.0156521739
-12.8726582278
9.27976744186
2.58216494845
42.2490666667
-4.12686746988
-10.1878021978
-1.09150537634
-1.03326086957
0.722469135802
-1.51457446809
-4.63934065934
-10.8152222222
-3.13021978022
-6.41206521739
8.14919191919
6.36968085106
1.33097826087
-13.13
3.05311827957
0.261363636364
-1.08651162791
0.518265306122
0.319340659341
0.367
0.90572815534
1.1478021978
-3.81679012346
-2.72709302326
-3.47941176471
